320,000	630,000	950,000	18,753	41,270	34,234	3,000	36,469	7,746	30,301	3,965	36,259	260,000	0,000	172436,330	172437,330	172441,561	172441,888	172442,148	172442,526	0,000	62676,330	62677,330	62681,561	62681,888	62682,148	62682,526	4,081	6,635	1,801	3,724	26,000	0,000	19,109	20,864	1,000	360,000	500,000	897,161	422,534
370,000	90,000	460,000	25,840	0,000	0,255	0,000	18,397	0,011	34,266	0,000	18,283	0,000	0,000	172450,235	172451,236	172454,461	172454,836	172454,836	172454,936	0,000	62690,235	62691,237	62694,461	62694,836	62694,836	62694,936	0,036	0,000	0,000	0,000	26,000	0,000	0,025	NaN	1,000	150,000	454,000	897,161	422,534
1000,000	430,000	1430,000	23,316	53,488	42,071	4,000	22,892	11,459	29,980	4,286	22,538	230,000	0,000	172517,728	172518,727	172522,990	172523,997	172524,227	172524,437	0,000	62717,728	62718,727	62722,990	62723,997	62724,227	62724,437	5,163	10,318	2,135	3,832	26,000	0,000	17,294	22,339	1,000	314,000	762,000	897,161	422,534
620,000	410,000	1030,000	22,214	46,341	54,257	3,000	24,369	11,211	31,049	3,217	20,978	190,000	0,000	172533,932	172534,932	172537,344	172537,967	172538,157	172538,386	0,000	62733,932	62734,932	62737,344	62737,967	62738,157	62738,386	6,532	9,476	2,158	2,714	26,000	0,000	28,898	20,576	1,000	313,000	691,000	897,161	422,534
220,000	20,000	240,000	26,445	0,000	0,000	0,000	16,735	0,000	34,266	0,000	16,735	0,000	0,000	172547,773	172548,774	172551,741	172551,968	172551,968	172551,996	0,000	62747,773	62748,774	62751,741	62751,968	62751,968	62751,996	0,000	0,000	0,000	0,000	26,000	0,000	NaN	NaN	1,000	132,000	439,000	897,161	422,534
310,000	1120,000	1430,000	16,559	13,393	50,801	12,000	36,459	17,768	34,085	0,181	19,070	150,000	0,000	172601,284	172602,284	172607,211	172607,526	172607,676	172608,656	0,000	62761,284	62762,284	62767,211	62767,526	62767,676	62768,656	14,700	12,133	0,181	0,127	26,000	0,000	6,942	0,052	1,000	564,000	767,000	897,161	422,534
2730,000	1160,000	3890,000	24,027	10,345	16,584	12,000	46,528	8,678	33,380	0,886	43,706	120,000	0,000	172618,442	172619,442	172621,447	172624,187	172624,307	172625,356	0,000	62778,442	62779,442	62781,447	62784,187	62784,307	62785,356	6,531	5,574	0,454	0,571	26,000	0,000	7,144	7,055	1,000	205,000	356,000	897,161	422,534
780,000	650,000	1430,000	19,298	27,692	23,779	7,000	31,263	11,418	31,461	2,805	30,077	180,000	0,000	172629,987	172630,987	172635,767	172636,559	172636,739	172637,217	0,000	62789,988	62790,987	62795,768	62796,559	62796,739	62797,217	7,328	8,992	2,328	2,029	26,000	0,000	4,429	15,032	1,000	427,000	724,000	897,161	422,534
510,000	920,000	1430,000	16,435	33,696	20,300	10,000	36,048	11,634	31,915	2,351	26,262	310,000	0,000	172642,071	172643,070	172647,897	172648,416	172648,726	172649,346	0,000	62802,071	62803,070	62807,898	62808,416	62808,726	62809,346	11,193	7,221	2,956	1,349	26,000	0,000	10,104	7,967	1,000	508,000	696,000	897,161	422,534
790,000	640,000	1430,000	17,191	28,125	12,683	4,000	38,583	3,861	33,764	0,502	23,697	180,000	0,000	172654,478	172655,478	172659,159	172659,956	172660,136	172700,606	0,000	62814,478	62815,478	62819,159	62819,956	62820,136	62820,606	6,400	0,878	0,713	0,245	26,000	0,000	6,186	2,835	1,000	402,000	471,000	897,161	422,534
1060,000	370,000	1430,000	18,803	51,351	9,403	1,000	37,779	2,370	33,405	0,861	30,037	190,000	0,000	172705,095	172706,097	172711,446	172712,518	172712,708	172712,896	0,000	62825,095	62826,097	62831,446	62832,518	62832,708	62832,896	4,495	0,138	1,786	0,104	26,000	0,000	4,068	5,000	1,000	353,000	426,000	897,161	422,534
470,000	960,000	1430,000	12,666	27,083	58,424	10,000	66,537	30,834	32,135	2,131	36,586	260,000	0,000	172717,677	172718,678	172722,332	172722,806	172723,066	172723,776	0,000	62837,677	62838,678	62842,332	62842,806	62843,066	62843,776	36,691	3,844	4,253	0,211	26,000	0,000	8,421	13,219	1,000	1255,000	502,000	897,161	422,534
550,000	880,000	1430,000	8,355	64,773	57,205	4,000	65,199	26,178	21,068	13,198	59,251	570,000	0,000	172732,017	172733,017	172736,573	172737,127	172737,697	172738,016	0,000	62852,017	62853,017	62856,573	62857,127	62857,697	62858,016	32,330	2,695	18,991	1,117	26,000	0,000	10,195	41,736	1,000	1121,000	514,000	897,161	422,534
910,000	520,000	1430,000	7,484	25,000	102,610	4,000	68,378	27,378	32,025	2,241	38,923	130,000	0,000	172745,586	172746,586	172752,156	172753,077	172753,207	172753,609	0,000	62865,586	62866,586	62872,156	62873,077	62873,207	62873,609	33,285	2,208	4,280	0,279	26,000	0,000	43,040	18,260	1,000	1112,000	395,000	897,161	422,534
650,000	610,000	1260,000	2,518	98,361	76,882	0,000	60,630	18,995	15,270	18,996	60,630	600,000	0,000	172758,931	172759,931	172803,113	172803,766	172804,366	172804,387	0,000	62878,931	62879,931	62883,113	62883,766	62884,366	62884,387	24,430	2,524	24,431	2,525	26,000	0,000	NaN	11,618	1,000	858,000	484,000	897,161	422,534
550,000	580,000	1130,000	1,413	70,690	87,453	2,000	65,681	22,113	16,058	18,208	66,520	410,000	0,000	172810,515	172811,515	172815,725	172816,279	172816,689	172816,866	0,000	62890,515	62891,515	62895,725	62896,279	62896,689	62896,866	27,927	1,555	24,539	1,287	26,000	0,000	70,189	74,277	1,000	935,000	407,000	897,161	422,534
730,000	600,000	1330,000	4,365	25,000	110,297	6,000	66,468	23,848	32,375	1,891	35,839	150,000	0,000	172821,570	172822,570	172826,268	172827,007	172827,157	172827,617	0,000	62901,570	62902,570	62906,268	62907,007	62907,157	62907,618	30,648	1,072	4,386	0,069	26,000	0,000	10,148	13,982	1,000	1020,000	452,000	897,161	422,534
780,000	550,000	1330,000	2,974	98,182	95,035	0,000	65,247	21,858	12,411	21,855	65,247	540,000	0,000	172833,935	172834,934	172839,206	172839,996	172840,536	172840,556	0,000	62913,935	62914,934	62919,206	62919,996	62920,536	62920,556	27,749	1,489	27,748	1,489	26,000	0,000	NaN	5,900	1,000	972,000	380,000	897,161	422,534
1020,000	410,000	1430,000	1,587	58,537	103,602	1,000	65,460	16,941	30,576	3,690	43,862	240,000	0,000	172846,412	172847,413	172849,913	172850,936	172851,176	172851,357	0,000	62926,412	62927,413	62929,913	62930,936	62931,176	62931,357	22,798	1,010	6,271	0,596	26,000	0,000	78,337	21,345	1,000	940,000	406,000	897,161	422,534
430,000	930,000	1360,000	5,946	21,505	75,174	8,000	63,062	25,908	33,835	0,431	28,652	200,000	0,000	172900,095	172901,097	172905,238	172905,676	172905,876	172906,616	0,000	62940,095	62941,097	62945,238	62945,676	62945,876	62946,616	29,581	5,323	0,645	0,211	26,000	0,000	16,187	0,833	1,000	1041,000	517,000	897,161	422,534
950,000	480,000	1430,000	5,304	54,167	82,021	2,000	67,244	19,081	30,147	4,119	42,105	260,000	0,000	172915,685	172916,685	172919,169	172920,127	172920,387	172920,619	0,000	62955,685	62956,685	62959,169	62960,127	62960,387	62960,619	25,789	1,824	7,253	0,834	26,000	0,000	50,193	22,824	1,000	1034,000	353,000	897,161	422,534
1090,000	340,000	1430,000	11,704	64,706	36,421	1,000	48,394	6,864	31,281	2,985	37,415	220,000	0,000	172928,965	172929,966	172935,478	172936,576	172936,796	172936,926	0,000	62968,965	62969,966	62975,478	62976,576	62976,796	62976,926	9,510	1,943	4,344	1,084	26,000	0,000	14,646	14,133	1,000	561,000	464,000	897,161	422,534
520,000	910,000	1430,000	9,539	78,022	95,538	4,000	65,509	29,139	5,328	28,938	65,835	710,000	0,000	172945,243	172946,243	172951,612	172952,136	172952,846	172953,056	0,000	62985,243	62986,243	62991,612	62992,136	62992,846	62993,056	34,346	4,241	34,287	3,910	26,000	0,000	4,135	4,179	1,000	1159,000	510,000	897,161	422,534
820,000	610,000	1430,000	6,414	98,361	101,326	0,000	66,084	24,756	9,801	24,465	66,562	600,000	0,000	173002,316	173003,317	173009,086	173009,916	173010,516	173010,536	0,000	63002,316	63003,317	63009,086	63009,916	63010,516	63010,536	32,069	1,768	31,838	1,725	26,000	0,000	NaN	68,948	1,000	1074,000	479,000	897,161	422,534
1080,000	350,000	1430,000	8,301	0,000	43,974	0,000	50,983	5,829	34,264	0,002	18,925	0,000	0,000	173018,322	173019,323	173025,062	173026,150	173026,150	173026,507	0,000	63018,322	63019,323	63025,062	63026,151	63026,151	63026,507	10,431	0,791	0,009	0,000	26,000	0,000	26,511	NaN	1,000	659,000	391,000	897,161	422,534
130,000	50,000	180,000	25,652	0,000	0,272	0,000	19,596	0,012	34,266	0,000	19,481	0,000	0,000	173034,170	173035,170	173037,329	173037,530	173037,530	173037,587	0,000	63034,170	63035,170	63037,329	63037,531	63037,531	63037,587	0,036	0,000	0,003	0,000	26,000	0,000	0,023	NaN	1,000	155,000	441,000	897,161	422,534
3010,000	20,000	3030,000	25,720	0,000	0,000	0,000	19,214	0,000	34,266	0,000	19,214	0,000	0,000	173043,652	173044,652	173046,837	173049,856	173049,856	173049,886	0,000	63043,652	63044,652	63046,837	63049,856	63049,856	63049,886	0,000	0,000	0,000	0,000	26,000	0,000	NaN	NaN	1,000	153,000	439,000	897,161	422,534
60,000	370,000	430,000	17,486	54,054	4,620	3,000	52,548	0,493	33,888	0,378	52,865	200,000	0,000	173057,871	173058,871	173102,968	173103,169	173103,369	173103,546	0,000	63057,871	63058,871	63062,968	63063,169	63063,369	63063,546	0,313	0,313	0,256	0,210	26,000	0,000	0,244	0,246	1,000	404,000	309,000	897,161	422,534
30,000	90,000	120,000	26,891	0,000	0,227	0,000	16,276	0,010	34,266	0,000	16,148	0,000	0,000	173137,796	173138,796	173142,311	173142,512	173142,512	173142,606	0,000	63097,796	63098,797	63102,311	63102,512	63102,512	63102,606	0,036	0,000	0,000	0,000	26,000	0,000	0,022	NaN	1,000	119,000	411,000	897,161	422,534
190,000	20,000	210,000	26,115	0,000	0,000	0,000	17,441	0,000	34,266	0,000	17,441	0,000	0,000	173155,729	173156,729	173201,719	173201,920	173201,920	173201,946	0,000	63115,729	63116,729	63121,719	63121,920	63121,920	63121,946	0,000	0,000	0,000	0,000	26,000	0,000	NaN	NaN	1,000	142,000	453,000	897,161	422,534
