290,000	20,000	310,000	24,886	0,000	0,000	0,000	23,199	0,000	34,266	0,000	23,199	0,000	0,000	152827,693	152828,695	152833,500	152833,793	152833,793	152833,823	0,000	55707,693	55708,695	55713,500	55713,793	55713,793	55713,823	0,000	0,000	0,000	0,000	26,000	0,000	NaN	NaN	1,000	177,000	413,000	897,161	422,534
270,000	620,000	890,000	6,079	50,000	102,068	3,000	55,994	19,068	16,792	17,474	55,780	310,000	0,000	152859,615	152900,614	152905,422	152905,694	152906,004	152906,323	0,000	55739,615	55740,614	55745,422	55745,694	55746,004	55746,323	21,459	4,873	20,099	4,236	26,000	0,000	12,410	10,414	1,000	722,000	439,000	897,161	422,534
30,000	940,000	970,000	5,401	54,255	104,649	5,000	56,551	21,043	14,211	20,055	56,728	510,000	0,000	152913,266	152914,266	152916,915	152917,115	152917,625	152918,064	0,000	55753,267	55754,266	55756,915	55757,115	55757,625	55758,064	25,017	5,564	24,268	5,021	26,000	0,000	4,923	4,948	1,000	881,000	578,000	897,161	422,534
260,000	460,000	720,000	5,552	89,130	118,379	2,000	61,046	22,811	11,517	22,749	61,022	410,000	0,000	152926,330	152927,330	152930,670	152930,937	152931,347	152931,403	0,000	55766,330	55767,330	55770,670	55770,937	55771,347	55771,403	26,263	4,147	26,227	4,137	26,000	0,000	0,247	4,719	1,000	982,000	559,000	897,161	422,534
250,000	620,000	870,000	5,559	66,129	119,805	2,000	62,798	24,447	10,661	23,605	63,275	410,000	0,000	152937,651	152938,651	152941,713	152941,973	152942,383	152942,603	0,000	55777,651	55778,651	55781,713	55781,973	55782,383	55782,603	28,541	4,113	27,973	3,638	26,000	0,000	15,921	16,299	1,000	1037,000	343,000	897,161	422,534
320,000	630,000	950,000	9,408	69,841	147,085	4,000	69,535	27,855	6,765	27,501	69,605	440,000	0,000	152948,739	152949,740	152953,151	152953,474	152953,914	152954,113	0,000	55788,739	55789,740	55793,151	55793,474	55793,914	55794,113	33,761	1,004	33,454	0,829	26,000	0,000	2,303	0,073	1,000	1169,000	438,000	897,161	422,534
260,000	670,000	930,000	4,238	61,194	117,646	3,000	61,331	21,874	12,981	21,285	61,497	410,000	0,000	153000,376	153001,377	153005,310	153005,576	153005,986	153006,253	0,000	55800,376	55801,377	55805,310	55805,576	55805,986	55806,253	26,228	3,524	25,726	3,269	26,000	0,000	0,911	1,700	1,000	963,000	526,000	897,161	422,534
250,000	810,000	1060,000	9,510	16,049	147,265	11,000	65,231	29,045	24,998	9,268	56,888	130,000	0,000	153012,021	153013,020	153016,772	153017,027	153017,157	153017,844	0,000	55812,021	55813,020	55816,772	55817,027	55817,157	55817,844	33,451	4,112	13,198	1,911	26,000	0,000	78,668	72,803	1,000	1147,000	538,000	897,161	422,534
270,000	590,000	860,000	12,611	52,542	129,640	3,000	67,290	31,429	8,390	25,876	69,472	310,000	0,000	153023,393	153024,393	153029,370	153029,642	153029,953	153030,244	0,000	55823,393	55824,393	55829,371	55829,643	55829,953	55830,244	36,177	3,942	31,664	2,263	26,000	0,000	82,978	81,784	1,000	1262,000	413,000	897,161	422,534
260,000	430,000	690,000	1,770	97,674	108,940	0,000	65,339	20,417	13,851	20,415	65,339	420,000	0,000	153035,973	153036,973	153039,835	153040,103	153040,522	153040,543	0,000	55835,973	55836,974	55839,835	55840,103	55840,523	55840,543	24,916	1,106	24,916	1,106	26,000	0,000	NaN	0,054	1,000	946,000	438,000	897,161	422,534
270,000	980,000	1250,000	5,415	40,816	111,035	11,000	58,539	22,258	12,554	21,712	58,284	400,000	0,000	153047,189	153048,189	153053,688	153053,963	153054,363	153054,952	0,000	55847,189	55848,189	55853,688	55853,963	55854,363	55854,952	25,710	5,427	25,159	5,287	26,000	0,000	0,669	1,198	1,000	917,000	578,000	897,161	422,534
250,000	620,000	870,000	7,613	59,677	152,697	6,000	67,726	26,969	8,012	26,254	67,401	370,000	0,000	153103,016	153104,016	153106,852	153107,113	153107,483	153107,742	0,000	55863,016	55864,016	55866,852	55867,113	55867,483	55867,742	30,306	2,592	29,573	2,547	26,000	0,000	1,285	3,316	1,000	1103,000	344,000	897,161	422,534
250,000	580,000	830,000	6,319	56,897	83,918	2,000	55,070	19,984	17,074	17,192	54,760	330,000	0,000	153114,042	153115,042	153118,818	153119,073	153119,403	153119,664	0,000	55874,042	55875,042	55878,819	55879,073	55879,403	55879,664	22,565	5,908	20,149	4,972	26,000	0,000	37,335	37,984	1,000	862,000	602,000	897,161	422,534
260,000	380,000	640,000	3,016	36,842	120,919	3,000	65,005	21,374	22,885	11,381	62,964	140,000	0,000	153126,778	153127,778	153133,019	153133,283	153133,423	153133,672	0,000	55886,778	55887,779	55893,019	55893,283	55893,423	55893,673	25,123	1,764	15,402	1,285	26,000	0,000	87,854	85,489	1,000	975,000	462,000	897,161	422,534
250,000	460,000	710,000	1,117	65,217	85,083	2,000	63,164	20,521	17,439	16,827	64,009	300,000	0,000	153141,911	153142,912	153147,557	153147,812	153148,112	153148,282	0,000	55901,911	55902,912	55907,557	55907,812	55908,112	55908,282	24,572	2,215	21,463	1,198	26,000	0,000	32,965	48,505	1,000	927,000	435,000	897,161	422,534
260,000	360,000	620,000	5,259	61,111	101,909	2,000	58,196	20,129	16,276	17,990	58,296	220,000	0,000	153155,121	153156,122	153201,876	153202,143	153202,363	153202,512	0,000	55915,121	55916,122	55921,876	55922,143	55922,363	55922,512	22,841	4,457	21,030	4,291	26,000	0,000	76,211	80,878	1,000	920,000	573,000	897,161	422,534
330,000	500,000	830,000	6,510	98,000	106,862	0,000	66,910	25,553	8,716	25,550	66,910	490,000	0,000	153209,193	153210,193	153214,037	153214,373	153214,863	153214,883	0,000	55929,193	55930,194	55934,037	55934,373	55934,863	55934,883	30,686	2,179	30,685	2,181	26,000	0,000	NaN	7,654	1,000	1082,000	459,000	897,161	422,534
280,000	530,000	810,000	2,842	52,830	82,164	2,000	63,154	21,943	19,353	14,913	63,030	280,000	0,000	153223,453	153224,453	153226,529	153226,814	153227,094	153227,353	0,000	55943,453	55944,453	55946,529	55946,814	55947,094	55947,353	28,577	2,074	22,158	0,799	26,000	0,000	69,837	68,953	1,000	976,000	446,000	897,161	422,534
260,000	470,000	730,000	4,230	78,723	119,434	2,000	58,560	20,158	14,137	20,129	58,653	370,000	0,000	153233,323	153234,324	153238,174	153238,443	153238,813	153238,923	0,000	55953,323	55954,324	55958,174	55958,443	55958,813	55958,923	23,324	4,389	23,331	4,323	26,000	0,000	1,802	0,903	1,000	882,000	544,000	897,161	422,534
240,000	390,000	630,000	3,569	97,436	126,457	0,000	61,706	21,714	12,555	21,711	61,706	380,000	0,000	153246,123	153247,123	153250,545	153250,792	153251,172	153251,193	0,000	55966,123	55967,123	55970,545	55970,792	55971,172	55971,193	25,365	3,629	25,364	3,630	26,000	0,000	NaN	1,046	1,000	947,000	513,000	897,161	422,534
260,000	360,000	620,000	2,603	50,000	98,367	2,000	60,791	18,766	19,934	14,332	61,354	180,000	0,000	153257,896	153258,897	153301,434	153301,703	153301,883	153302,072	0,000	55977,896	55978,897	55981,434	55981,703	55981,883	55982,072	22,048	2,764	18,273	2,069	26,000	0,000	87,804	85,531	1,000	868,000	492,000	897,161	422,534
240,000	580,000	820,000	4,984	72,414	132,008	3,000	61,494	23,723	10,664	23,602	61,398	420,000	0,000	153308,114	153309,115	153312,030	153312,273	153312,693	153312,864	0,000	55988,114	55989,115	55992,030	55992,273	55992,693	55992,864	27,334	4,665	27,199	4,666	26,000	0,000	0,181	1,407	1,000	978,000	542,000	897,161	422,534
290,000	630,000	920,000	5,867	57,143	93,450	2,000	56,055	20,374	15,733	18,533	56,049	360,000	0,000	153319,559	153320,560	153325,561	153325,854	153326,214	153326,492	0,000	55999,559	56000,560	56005,561	56005,854	56006,214	56006,492	23,326	5,598	21,782	4,893	26,000	0,000	25,191	25,462	1,000	876,000	591,000	897,161	422,534
260,000	480,000	740,000	6,826	97,917	113,242	0,000	59,987	24,098	10,165	24,101	59,987	470,000	0,000	153332,895	153333,896	153336,524	153336,793	153337,263	153337,283	0,000	56012,895	56013,896	56016,524	56016,793	56017,263	56017,284	26,986	5,290	26,988	5,289	26,000	0,000	NaN	11,341	1,000	1011,000	584,000	897,161	422,534
270,000	500,000	770,000	7,079	52,000	98,201	2,000	58,850	24,242	16,615	17,651	58,675	260,000	0,000	153343,250	153344,251	153347,233	153347,517	153347,777	153348,022	0,000	56023,251	56024,251	56027,233	56027,517	56027,777	56028,022	27,369	6,191	21,632	3,938	26,000	0,000	56,168	69,191	1,000	996,000	602,000	897,161	422,534
100,000	660,000	760,000	4,271	25,758	114,918	6,000	60,749	23,833	26,702	7,564	52,846	170,000	0,000	153354,727	153355,728	153400,578	153400,779	153400,949	153401,444	0,000	56034,727	56035,728	56040,578	56040,779	56040,949	56041,444	29,546	4,494	13,153	1,245	26,000	0,000	51,866	56,509	1,000	991,000	503,000	897,161	422,534
260,000	400,000	660,000	4,908	52,500	109,049	2,000	63,165	23,066	15,982	18,284	65,597	210,000	0,000	153407,372	153408,372	153411,822	153412,084	153412,294	153412,494	0,000	56047,372	56048,372	56051,822	56052,084	56052,294	56052,494	26,574	3,386	22,973	1,846	26,000	0,000	98,900	97,883	1,000	1005,000	515,000	897,161	422,534
300,000	510,000	810,000	6,697	39,216	111,176	3,000	57,338	22,224	15,896	18,370	58,597	200,000	0,000	153418,449	153419,449	153424,984	153425,293	153425,493	153425,813	0,000	56058,449	56059,449	56064,984	56065,293	56065,493	56065,813	24,084	6,188	21,255	4,676	26,000	0,000	94,770	93,475	1,000	950,000	609,000	897,161	422,534
280,000	500,000	780,000	5,047	88,000	122,303	1,000	61,877	23,257	11,065	23,201	61,898	440,000	0,000	153431,807	153432,809	153434,928	153435,212	153435,652	153435,723	0,000	56071,807	56072,809	56074,928	56075,212	56075,652	56075,723	26,781	4,217	26,743	4,184	26,000	0,000	1,271	0,810	1,000	995,000	531,000	897,161	422,534
250,000	370,000	620,000	2,783	97,297	104,486	0,000	63,005	19,490	14,779	19,487	63,005	360,000	0,000	153441,583	153442,583	153445,954	153446,212	153446,573	153446,594	0,000	56081,583	56082,583	56085,954	56086,213	56086,573	56086,594	23,430	2,040	23,430	2,041	26,000	0,000	NaN	5,959	1,000	897,000	342,000	897,161	422,534
280,000	400,000	680,000	2,074	47,500	110,543	2,000	64,790	20,331	20,555	13,711	64,657	190,000	0,000	153453,376	153454,375	153458,522	153458,813	153459,003	153459,222	0,000	56093,376	56094,375	56098,522	56098,813	56099,003	56099,222	25,434	0,933	19,329	0,630	26,000	0,000	95,563	93,972	1,000	950,000	451,000	897,161	422,534
440,000	410,000	850,000	2,748	97,561	120,522	0,000	65,849	21,934	12,335	21,931	65,849	400,000	0,000	153504,855	153505,855	153508,054	153508,506	153508,906	153508,925	0,000	56104,855	56105,855	56108,054	56108,506	56108,906	56108,925	27,303	1,140	27,305	1,141	26,000	0,000	NaN	3,145	1,000	974,000	443,000	897,161	422,534
250,000	470,000	720,000	6,102	74,468	78,079	2,000	59,059	13,530	21,368	12,898	58,829	350,000	0,000	153516,658	153517,659	153521,528	153521,784	153522,134	153522,263	0,000	56116,658	56117,659	56121,528	56121,784	56122,134	56122,263	17,764	1,107	17,129	1,003	26,000	0,000	7,506	0,652	1,000	721,000	435,000	897,161	422,534
290,000	490,000	780,000	4,117	36,735	90,913	2,000	58,338	18,983	22,622	11,644	56,319	180,000	0,000	153528,229	153529,229	153534,579	153534,874	153535,054	153535,373	0,000	56128,229	56129,229	56134,579	56134,874	56135,054	56135,373	22,291	3,838	15,369	2,416	26,000	0,000	73,463	77,394	1,000	872,000	539,000	897,161	422,534
240,000	660,000	900,000	3,848	60,606	87,703	4,000	59,185	16,500	19,679	14,587	59,524	400,000	0,000	153541,336	153542,336	153545,832	153546,083	153546,483	153546,753	0,000	56141,336	56142,336	56145,832	56146,083	56146,483	56146,753	21,457	2,006	19,914	1,041	26,000	0,000	1,369	0,662	1,000	789,000	449,000	897,161	422,534
290,000	380,000	670,000	0,604	52,632	93,955	2,000	60,516	19,287	21,076	13,190	59,544	200,000	0,000	153552,739	153553,741	153559,485	153559,783	153559,983	153600,173	0,000	56152,739	56153,741	56159,485	56159,783	56159,983	56160,173	23,808	2,527	18,128	1,815	26,000	0,000	69,513	79,542	1,000	898,000	440,000	897,161	422,534
260,000	410,000	670,000	4,773	90,244	81,781	1,000	61,022	14,601	19,712	14,554	61,126	370,000	0,000	153608,052	153609,052	153611,149	153611,414	153611,784	153611,834	0,000	56168,052	56169,052	56171,149	56171,414	56171,784	56171,834	18,489	0,832	18,465	0,818	26,000	0,000	0,301	1,692	1,000	762,000	394,000	897,161	422,534
190,000	570,000	760,000	7,326	28,070	125,455	3,000	64,144	27,061	28,646	5,620	42,351	160,000	0,000	153617,900	153618,900	153621,422	153621,623	153621,783	153622,203	0,000	56177,900	56178,900	56181,422	56181,623	56181,783	56182,203	33,137	3,977	8,582	2,295	26,000	0,000	44,929	42,992	1,000	1104,000	376,000	897,161	422,534
310,000	500,000	810,000	9,428	26,000	103,574	4,000	67,904	28,065	28,152	6,114	54,867	130,000	0,000	153628,297	153629,298	153631,389	153631,704	153631,834	153632,213	0,000	56188,297	56189,298	56191,389	56191,704	56191,834	56192,213	32,829	2,526	9,740	0,569	26,000	0,000	32,733	50,095	1,000	1170,000	421,000	897,161	422,534
260,000	390,000	650,000	1,873	61,538	104,801	2,000	64,093	20,354	16,548	17,718	64,974	240,000	0,000	153640,267	153641,268	153645,597	153645,863	153646,103	153646,263	0,000	56200,267	56201,268	56205,597	56205,863	56206,103	56206,263	25,572	1,280	23,449	0,972	26,000	0,000	81,341	85,243	1,000	939,000	457,000	897,161	422,534
400,000	530,000	930,000	6,219	62,264	101,997	2,000	63,671	25,187	12,824	21,442	64,673	330,000	0,000	153653,100	153654,100	153659,418	153659,823	153660,153	153700,364	0,000	56213,100	56214,100	56219,418	56219,823	56220,153	56220,364	29,474	3,838	26,354	2,747	26,000	0,000	55,718	58,089	1,000	1069,000	369,000	897,161	422,534
300,000	590,000	890,000	6,182	67,797	89,905	3,000	60,298	23,650	11,908	22,358	60,881	400,000	0,000	153706,509	153707,509	153711,392	153711,693	153712,093	153712,293	0,000	56226,509	56227,509	56231,392	56231,693	56232,093	56232,293	26,297	5,494	25,361	5,030	26,000	0,000	35,362	34,843	1,000	997,000	571,000	897,161	422,534
260,000	460,000	720,000	0,378	76,087	84,851	2,000	63,739	19,617	16,153	18,113	64,207	350,000	0,000	153718,985	153719,987	153723,430	153723,693	153724,043	153724,163	0,000	56238,985	56239,987	56243,430	56243,693	56244,043	56244,163	24,262	1,626	23,043	1,324	26,000	0,000	21,709	38,882	1,000	906,000	429,000	897,161	422,534
260,000	390,000	650,000	3,812	97,436	102,413	0,000	59,250	18,823	15,444	18,822	59,250	380,000	0,000	153730,546	153731,548	153735,205	153735,472	153735,852	153735,872	0,000	56250,546	56251,548	56255,205	56255,472	56255,852	56255,872	22,254	3,457	22,253	3,458	26,000	0,000	NaN	5,869	1,000	865,000	317,000	897,161	422,534
260,000	360,000	620,000	4,253	97,222	99,099	0,000	59,250	16,189	18,080	16,186	59,250	350,000	0,000	153741,814	153742,813	153747,982	153748,254	153748,604	153748,624	0,000	56261,814	56262,813	56267,982	56268,254	56268,604	56268,624	19,561	2,385	19,561	2,386	26,000	0,000	NaN	2,915	1,000	782,000	466,000	897,161	422,534
320,000	540,000	860,000	4,235	57,407	80,300	2,000	62,352	23,051	18,464	15,802	62,042	310,000	0,000	153754,405	153755,405	153759,859	153800,183	153800,493	153800,733	0,000	56274,405	56275,405	56279,859	56280,183	56280,493	56280,733	28,065	3,465	21,517	1,465	26,000	0,000	39,681	55,693	1,000	985,000	508,000	897,161	422,534
260,000	530,000	790,000	6,956	98,113	139,978	0,000	65,694	26,205	8,063	26,203	65,694	520,000	0,000	153806,399	153807,399	153811,194	153811,464	153811,984	153812,002	0,000	56286,399	56287,399	56291,194	56291,464	56291,984	56292,002	30,614	3,214	30,614	3,210	26,000	0,000	NaN	0,430	1,000	1096,000	391,000	897,161	422,534
260,000	470,000	730,000	0,199	46,809	79,477	2,000	64,127	19,358	22,103	12,163	61,372	220,000	0,000	153818,149	153819,150	153821,164	153821,433	153821,653	153821,913	0,000	56298,149	56299,150	56301,164	56301,433	56301,653	56301,913	24,605	1,107	17,431	0,788	26,000	0,000	63,624	69,019	1,000	899,000	428,000	897,161	422,534
290,000	480,000	770,000	1,513	43,750	74,910	2,000	62,402	18,204	24,917	9,349	58,057	210,000	0,000	153828,912	153829,912	153834,542	153834,843	153835,054	153835,334	0,000	56308,912	56309,912	56314,542	56314,844	56315,054	56315,334	23,709	1,250	14,791	0,326	26,000	0,000	43,069	58,288	1,000	857,000	440,000	897,161	422,534
280,000	500,000	780,000	3,642	78,000	117,415	2,000	60,759	20,989	13,449	20,817	60,774	390,000	0,000	153841,566	153842,568	153847,940	153848,224	153848,614	153848,732	0,000	56321,566	56322,568	56327,940	56328,224	56328,614	56328,732	24,811	3,525	24,700	3,409	26,000	0,000	1,453	0,572	1,000	932,000	522,000	897,161	422,534
270,000	670,000	940,000	4,630	53,731	96,352	2,000	59,136	21,862	15,555	18,711	59,853	360,000	0,000	153854,430	153855,431	153900,657	153900,932	153901,292	153901,613	0,000	56334,430	56335,431	56340,657	56340,932	56341,292	56341,613	24,258	5,390	21,720	3,899	26,000	0,000	16,747	15,662	1,000	923,000	554,000	897,161	422,534
260,000	500,000	760,000	3,252	78,000	91,625	2,000	61,906	21,713	13,862	20,404	62,935	390,000	0,000	153908,889	153909,891	153915,071	153915,334	153915,724	153915,843	0,000	56348,889	56349,891	56355,071	56355,334	56355,724	56355,843	25,847	3,425	24,965	2,789	26,000	0,000	8,609	23,171	1,000	946,000	503,000	897,161	422,534
30,000	610,000	640,000	1,243	36,066	73,249	4,000	61,780	21,769	29,523	4,743	48,788	220,000	0,000	153921,501	153922,500	153926,173	153926,373	153926,593	153926,992	0,000	56361,501	56362,501	56366,173	56366,373	56366,593	56366,993	27,681	3,256	9,827	0,082	26,000	0,000	16,465	34,594	1,000	928,000	404,000	897,161	422,534
300,000	560,000	860,000	2,860	41,071	96,629	4,000	60,331	19,386	19,292	14,974	59,977	230,000	0,000	153933,389	153934,391	153940,135	153940,443	153940,673	153941,015	0,000	56373,389	56374,391	56380,135	56380,443	56380,673	56381,015	23,740	2,904	19,796	1,936	26,000	0,000	78,291	78,518	1,000	890,000	505,000	897,161	422,534
270,000	440,000	710,000	3,258	86,364	125,572	1,000	62,546	21,874	12,498	21,768	62,729	380,000	0,000	153947,357	153948,357	153951,967	153952,246	153952,626	153952,693	0,000	56387,357	56388,357	56391,968	56392,246	56392,626	56392,693	25,536	3,217	25,503	3,115	26,000	0,000	1,262	0,992	1,000	962,000	491,000	897,161	422,534
240,000	590,000	830,000	5,389	49,153	91,298	2,000	59,936	24,580	16,812	17,454	62,307	290,000	0,000	153958,141	153959,141	154003,176	154003,424	154003,714	154004,023	0,000	56398,141	56399,142	56403,176	56403,424	56403,714	56404,023	28,854	5,736	23,354	2,011	26,000	0,000	66,400	66,130	1,000	1002,000	538,000	897,161	422,534
260,000	460,000	720,000	3,803	97,826	89,082	0,000	58,556	17,791	16,476	17,790	58,556	450,000	0,000	154010,144	154011,144	154014,086	154014,354	154014,804	154014,823	0,000	56410,144	56411,144	56414,086	56414,354	56414,804	56414,823	21,356	3,252	21,357	3,250	26,000	0,000	NaN	5,117	1,000	821,000	502,000	897,161	422,534
420,000	790,000	1210,000	13,230	73,418	114,500	4,000	63,783	32,496	2,066	32,200	63,748	580,000	0,000	154020,361	154021,361	154025,957	154026,383	154026,963	154027,183	0,000	56420,361	56421,361	56425,957	56426,383	56426,963	56427,183	36,802	6,739	36,530	6,634	26,000	0,000	1,019	0,051	1,000	1231,000	610,000	897,161	422,534
280,000	560,000	840,000	9,437	98,214	123,156	0,000	67,356	27,058	7,208	27,058	67,356	550,000	0,000	154032,836	154033,837	154037,293	154037,583	154038,133	154038,154	0,000	56432,836	56433,837	56437,293	56437,583	56438,133	56438,154	33,762	1,558	33,764	1,558	26,000	0,000	NaN	10,033	1,000	1165,000	476,000	897,161	422,534
230,000	470,000	700,000	4,034	97,872	94,761	0,000	63,504	21,271	12,996	21,270	63,504	460,000	0,000	154044,933	154045,934	154050,513	154050,753	154051,213	154051,233	0,000	56444,933	56445,934	56450,513	56450,753	56451,213	56451,233	26,575	1,591	26,576	1,592	26,000	0,000	NaN	7,375	1,000	991,000	492,000	897,161	422,534
270,000	460,000	730,000	9,345	97,826	134,275	0,000	66,897	27,298	6,967	27,299	66,897	450,000	0,000	154057,010	154058,010	154100,929	154101,203	154101,653	154101,673	0,000	56457,010	56458,010	56460,929	56461,203	56461,653	56461,673	32,792	2,317	32,793	2,315	26,000	0,000	NaN	6,958	1,000	1158,000	494,000	897,161	422,534
310,000	600,000	910,000	5,370	50,000	78,820	2,000	62,449	24,057	18,375	15,891	60,706	300,000	0,000	154108,004	154109,004	154111,832	154112,143	154112,443	154112,753	0,000	56468,004	56469,004	56471,832	56472,143	56472,443	56472,753	29,612	3,663	21,813	2,125	26,000	0,000	57,401	56,716	1,000	1014,000	525,000	897,161	422,534
240,000	430,000	670,000	3,303	93,023	94,410	1,000	60,957	16,244	18,033	16,233	60,957	400,000	0,000	154119,870	154120,870	154123,850	154124,092	154124,492	154124,534	0,000	56479,870	56480,870	56483,850	56484,093	56484,493	56484,534	21,320	0,970	21,322	0,943	26,000	0,000	NaN	0,863	1,000	804,000	444,000	897,161	422,534
270,000	580,000	850,000	2,855	62,069	100,776	5,000	62,941	16,469	17,914	16,352	62,857	360,000	0,000	154130,350	154131,351	154136,140	154136,415	154136,775	154137,004	0,000	56490,350	56491,351	56496,140	56496,415	56496,775	56497,004	21,529	0,346	21,414	0,346	26,000	0,000	1,379	1,414	1,000	816,000	407,000	897,161	422,534
240,000	550,000	790,000	4,945	67,273	73,385	2,000	58,022	15,990	20,533	13,733	57,210	370,000	0,000	154142,741	154143,742	154147,565	154147,813	154148,183	154148,373	0,000	56502,741	56503,742	56507,565	56507,813	56508,183	56508,373	20,460	2,350	18,259	1,879	26,000	0,000	2,693	7,340	1,000	764,000	475,000	897,161	422,534
280,000	490,000	770,000	5,836	51,020	97,027	2,000	64,142	24,487	18,258	16,008	61,778	250,000	0,000	154153,715	154154,715	154159,888	154200,173	154200,423	154200,673	0,000	56513,715	56514,715	56519,888	56520,173	56520,423	56520,673	29,474	3,147	21,113	2,664	26,000	0,000	78,447	82,664	1,000	1044,000	506,000	897,161	422,534
250,000	530,000	780,000	5,045	56,604	94,026	2,000	65,818	24,323	18,834	15,432	65,171	300,000	0,000	154206,706	154207,707	154211,391	154211,644	154211,944	154212,183	0,000	56526,706	56527,707	56531,391	56531,644	56531,944	56532,183	30,340	2,078	21,998	0,863	26,000	0,000	73,933	80,129	1,000	1038,000	461,000	897,161	422,534
250,000	480,000	730,000	4,156	85,417	111,360	2,000	62,882	22,866	11,709	22,557	63,177	410,000	0,000	154218,332	154219,332	154224,293	154224,553	154224,963	154225,042	0,000	56538,332	56539,332	56544,293	56544,553	56544,963	56545,042	27,300	3,322	27,145	3,154	26,000	0,000	5,885	18,080	1,000	990,000	499,000	897,161	422,534
270,000	510,000	780,000	5,191	47,059	104,938	2,000	65,477	24,033	18,192	16,074	66,293	240,000	0,000	154230,900	154231,901	154235,325	154235,604	154235,844	154236,124	0,000	56550,900	56551,901	56555,325	56555,604	56555,844	56556,124	28,852	2,386	21,728	1,016	26,000	0,000	92,117	91,374	1,000	1039,000	472,000	897,161	422,534
270,000	610,000	880,000	5,630	98,361	99,753	0,000	65,249	24,807	9,461	24,805	65,249	600,000	0,000	154241,780	154242,780	154245,101	154245,374	154245,974	154245,993	0,000	56561,780	56562,780	56565,101	56565,374	56565,974	56565,993	31,204	2,385	31,204	2,387	26,000	0,000	NaN	5,647	1,000	1050,000	479,000	897,161	422,534
250,000	450,000	700,000	4,501	97,778	98,453	0,000	59,292	20,901	13,367	20,899	59,292	440,000	0,000	154251,882	154252,882	154257,348	154257,602	154258,042	154258,063	0,000	56571,882	56572,882	56577,348	56577,602	56578,042	56578,063	24,673	4,146	24,672	4,147	26,000	0,000	NaN	2,214	1,000	924,000	550,000	897,161	422,534
310,000	760,000	1070,000	6,939	46,053	88,318	6,000	66,567	26,290	13,222	21,044	68,045	350,000	0,000	154304,115	154305,115	154307,265	154307,584	154307,934	154308,353	0,000	56584,115	56585,115	56587,265	56587,584	56587,934	56588,353	31,722	2,315	27,268	1,063	26,000	0,000	67,525	65,734	1,000	1093,000	467,000	897,161	422,534
250,000	510,000	760,000	2,802	98,039	106,589	0,000	62,547	21,140	13,128	21,138	62,547	500,000	0,000	154314,322	154315,323	154321,171	154321,423	154321,923	154321,943	0,000	56594,322	56595,323	56601,171	56601,423	56601,923	56601,944	25,398	2,764	25,398	2,764	26,000	0,000	NaN	2,324	1,000	945,000	488,000	897,161	422,534
270,000	480,000	750,000	1,431	97,917	97,088	0,000	62,239	20,387	13,881	20,385	62,239	470,000	0,000	154327,943	154328,943	154334,820	154335,093	154335,563	154335,585	0,000	56607,943	56608,943	56614,820	56615,093	56615,563	56615,585	25,362	2,247	25,362	2,244	26,000	0,000	NaN	0,133	1,000	929,000	449,000	897,161	422,534
30,000	490,000	520,000	1,258	97,959	104,545	0,000	62,133	18,604	15,663	18,603	62,133	480,000	0,000	154341,857	154342,858	154346,314	154346,515	154346,995	154347,014	0,000	56621,857	56622,858	56626,314	56626,515	56626,995	56627,014	24,602	1,418	24,602	1,415	26,000	0,000	NaN	0,489	1,000	862,000	432,000	897,161	422,534
250,000	370,000	620,000	1,668	97,297	95,384	0,000	59,392	18,113	16,151	18,115	59,392	360,000	0,000	154353,291	154354,291	154357,616	154357,877	154358,237	154358,253	0,000	56633,291	56634,291	56637,616	56637,877	56638,237	56638,253	21,080	3,257	21,081	3,258	26,000	0,000	NaN	11,707	1,000	855,000	399,000	897,161	422,534
250,000	430,000	680,000	2,917	97,674	82,220	0,000	60,933	16,731	17,536	16,730	60,933	420,000	0,000	154403,804	154404,804	154408,104	154408,363	154408,783	154408,802	0,000	56643,804	56644,804	56648,104	56648,363	56648,783	56648,802	21,079	1,625	21,078	1,626	26,000	0,000	NaN	6,844	1,000	813,000	429,000	897,161	422,534
260,000	500,000	760,000	3,541	44,000	52,677	4,000	60,033	16,159	25,383	8,883	55,595	220,000	0,000	154414,430	154415,430	154419,729	154419,994	154420,214	154420,503	0,000	56654,430	56655,430	56659,729	56659,994	56660,214	56660,503	20,667	1,559	13,235	0,477	26,000	0,000	22,809	44,143	1,000	803,000	463,000	897,161	422,534
280,000	380,000	660,000	6,228	97,368	91,102	0,000	54,016	17,508	16,760	17,506	54,016	370,000	0,000	154426,223	154427,223	154430,120	154430,405	154430,774	154430,792	0,000	56666,223	56667,223	56670,120	56670,405	56670,775	56670,792	19,905	4,910	19,905	4,910	26,000	0,000	NaN	7,908	1,000	783,000	562,000	897,161	422,534
270,000	460,000	730,000	0,236	26,087	83,753	2,000	61,226	20,047	30,673	3,593	42,119	120,000	0,000	154436,745	154437,746	154441,575	154441,853	154441,973	154442,323	0,000	56676,745	56677,746	56681,575	56681,853	56681,973	56682,323	24,602	2,836	5,856	0,891	26,000	0,000	21,071	30,649	1,000	903,000	419,000	897,161	422,534
310,000	450,000	760,000	2,083	68,889	77,555	2,000	62,770	19,979	18,106	16,160	63,635	310,000	0,000	154448,643	154449,644	154455,406	154455,723	154456,033	154456,183	0,000	56688,643	56689,644	56695,406	56695,723	56696,033	56696,183	24,677	2,044	21,474	1,122	26,000	0,000	31,820	54,989	1,000	925,000	476,000	897,161	422,534
260,000	660,000	920,000	3,887	45,455	60,911	4,000	58,979	20,283	21,494	12,772	55,035	300,000	0,000	154502,011	154503,011	154507,424	154507,694	154507,994	154508,363	0,000	56702,011	56703,011	56707,424	56707,694	56707,994	56708,363	24,949	3,870	17,308	2,741	26,000	0,000	48,924	47,985	1,000	882,000	534,000	897,161	422,534
250,000	510,000	760,000	3,970	80,392	85,915	2,000	59,573	16,279	18,410	15,856	59,878	410,000	0,000	154513,930	154514,931	154518,994	154519,253	154519,663	154519,774	0,000	56713,930	56714,931	56718,994	56719,253	56719,663	56719,774	21,253	1,694	20,951	1,529	26,000	0,000	0,922	4,794	1,000	790,000	464,000	897,161	422,534
260,000	420,000	680,000	2,669	97,619	108,197	0,000	63,745	21,410	12,859	21,407	63,745	410,000	0,000	154525,470	154526,470	154530,632	154530,893	154531,303	154531,324	0,000	56725,470	56726,470	56730,632	56730,893	56731,303	56731,324	25,329	2,592	25,328	2,593	26,000	0,000	NaN	8,751	1,000	961,000	466,000	897,161	422,534
270,000	560,000	830,000	0,970	46,429	83,556	4,000	62,136	18,217	19,901	14,365	61,427	260,000	0,000	154536,980	154537,980	154543,696	154543,974	154544,234	154544,543	0,000	56736,980	56737,980	56743,696	56743,974	56744,234	56744,543	23,153	1,453	19,557	1,005	26,000	0,000	62,824	67,259	1,000	872,000	435,000	897,161	422,534
30,000	620,000	650,000	2,549	98,387	83,905	0,000	61,721	20,423	13,846	20,420	61,721	610,000	0,000	154550,011	154551,011	154554,524	154554,725	154555,335	154555,353	0,000	56750,011	56751,011	56754,524	56754,725	56755,335	56755,353	26,817	2,214	26,817	2,211	26,000	0,000	NaN	7,765	1,000	922,000	492,000	897,161	422,534
270,000	470,000	740,000	2,293	97,872	85,985	0,000	60,945	17,683	16,584	17,682	60,945	460,000	0,000	154601,017	154602,017	154607,778	154608,053	154608,513	154608,533	0,000	56761,017	56762,017	56767,778	56768,053	56768,513	56768,533	22,115	1,558	22,116	1,554	26,000	0,000	NaN	5,912	1,000	864,000	480,000	897,161	422,534
30,000	630,000	660,000	4,498	76,190	75,796	2,000	56,864	16,613	18,055	16,211	57,011	480,000	0,000	154614,491	154615,492	154618,914	154619,115	154619,595	154619,753	0,000	56774,491	56775,492	56778,914	56779,115	56779,595	56779,753	21,667	3,043	21,392	2,756	26,000	0,000	1,570	0,779	1,000	767,000	422,000	897,161	422,534
260,000	510,000	770,000	2,725	41,176	101,943	2,000	63,435	21,835	21,350	12,916	62,182	210,000	0,000	154625,505	154626,507	154632,135	154632,402	154632,612	154632,924	0,000	56785,506	56786,507	56792,135	56792,403	56792,613	56792,924	26,986	2,247	18,578	1,089	26,000	0,000	80,236	79,151	1,000	976,000	424,000	897,161	422,534
270,000	810,000	1080,000	7,148	64,198	98,391	4,000	67,346	28,365	6,868	27,398	67,445	520,000	0,000	154638,432	154639,432	154642,873	154643,152	154643,672	154643,973	0,000	56798,432	56799,432	56802,873	56803,152	56803,672	56803,973	32,964	2,869	32,072	2,584	26,000	0,000	6,180	5,462	1,000	1104,000	419,000	897,161	422,534
280,000	410,000	690,000	2,905	46,341	108,022	2,000	62,598	20,882	21,666	12,600	62,182	190,000	0,000	154649,542	154650,543	154655,217	154655,502	154655,692	154655,923	0,000	56809,542	56810,543	56815,217	56815,502	56815,692	56815,923	25,263	2,488	17,704	1,090	26,000	0,000	84,863	82,212	1,000	943,000	493,000	897,161	422,534
270,000	550,000	820,000	3,697	58,182	94,628	2,000	61,470	21,390	15,846	18,420	61,628	320,000	0,000	154701,587	154702,587	154705,363	154705,648	154705,968	154706,203	0,000	56821,587	56822,588	56825,363	56825,648	56825,968	56826,203	25,915	3,214	23,290	2,575	26,000	0,000	47,401	46,364	1,000	951,000	515,000	897,161	422,534
310,000	590,000	900,000	4,384	40,678	92,347	3,000	66,359	23,164	18,732	15,534	65,242	240,000	0,000	154711,542	154712,543	154715,450	154715,763	154716,003	154716,363	0,000	56831,542	56832,543	56835,450	56835,763	56836,003	56836,363	29,338	1,002	22,017	0,558	26,000	0,000	82,095	80,463	1,000	1024,000	420,000	897,161	422,534
280,000	480,000	760,000	9,013	97,917	134,908	0,000	63,274	27,780	6,490	27,776	63,274	470,000	0,000	154723,083	154724,083	154727,059	154727,342	154727,812	154727,834	0,000	56843,083	56844,083	56847,059	56847,342	56847,812	56847,834	33,000	4,667	32,999	4,665	26,000	0,000	NaN	2,634	1,000	1132,000	309,000	897,161	422,534
260,000	670,000	930,000	1,408	59,701	89,455	3,000	62,366	17,699	17,756	16,510	62,141	400,000	0,000	154733,585	154734,585	154738,272	154738,533	154738,933	154739,212	0,000	56853,585	56854,585	56858,272	56858,533	56858,933	56859,213	22,565	1,106	21,418	0,948	26,000	0,000	5,094	4,170	1,000	869,000	452,000	897,161	422,534
290,000	490,000	780,000	0,872	67,347	74,888	2,000	63,955	18,468	18,190	16,076	63,919	330,000	0,000	154744,621	154745,621	154748,073	154748,374	154748,704	154748,872	0,000	56864,621	56865,621	56868,073	56868,374	56868,704	56868,873	23,774	0,692	21,610	0,533	26,000	0,000	40,134	47,206	1,000	884,000	401,000	897,161	422,534
270,000	580,000	850,000	0,897	77,586	91,129	3,000	62,400	18,466	15,862	18,404	62,476	450,000	0,000	154754,397	154755,396	154801,060	154801,333	154801,783	154801,923	0,000	56874,397	56875,396	56881,060	56881,333	56881,783	56881,923	22,012	1,971	21,978	1,903	26,000	0,000	0,582	0,036	1,000	878,000	405,000	897,161	422,534
270,000	480,000	750,000	2,122	31,250	92,397	2,000	60,522	21,933	27,912	6,354	50,753	150,000	0,000	154807,177	154808,176	154812,372	154812,643	154812,793	154813,133	0,000	56887,177	56888,176	56892,372	56892,643	56892,793	56893,133	25,847	4,182	9,748	1,254	26,000	0,000	41,188	43,663	1,000	948,000	457,000	897,161	422,534
260,000	610,000	870,000	2,258	80,328	100,745	2,000	62,740	21,389	12,978	21,288	62,907	490,000	0,000	154818,875	154819,875	154824,945	154825,212	154825,702	154825,833	0,000	56898,875	56899,875	56904,945	56905,212	56905,702	56905,833	26,642	2,489	26,608	2,336	26,000	0,000	0,174	0,045	1,000	945,000	378,000	897,161	422,534
320,000	710,000	1030,000	7,817	54,930	101,482	4,000	66,546	28,016	9,996	24,270	68,271	390,000	0,000	154831,246	154832,246	154838,081	154838,403	154838,793	154839,124	0,000	56911,246	56912,246	56918,081	56918,403	56918,793	56919,124	33,141	3,076	30,198	1,682	26,000	0,000	59,352	61,180	1,000	1114,000	487,000	897,161	422,534
310,000	690,000	1000,000	4,943	60,870	74,647	4,000	62,166	23,622	14,252	20,014	63,428	420,000	0,000	154845,087	154846,087	154848,305	154848,623	154849,043	154849,323	0,000	56925,087	56926,087	56928,305	56928,624	56929,044	56929,323	29,129	3,664	26,291	2,372	26,000	0,000	52,312	51,052	1,000	998,000	524,000	897,161	422,534
230,000	450,000	680,000	1,091	97,778	86,066	0,000	60,026	20,440	13,821	20,445	60,026	440,000	0,000	154854,926	154855,926	154859,762	154900,003	154900,443	154900,462	0,000	56934,926	56935,926	56939,762	56940,003	56940,443	56940,462	24,015	4,083	24,019	4,083	26,000	0,000	NaN	16,253	1,000	886,000	393,000	897,161	422,534
300,000	430,000	730,000	0,628	97,674	103,646	0,000	64,973	19,840	14,428	19,838	64,973	420,000	0,000	154906,015	154907,015	154912,903	154913,215	154913,635	154913,654	0,000	56946,015	56947,015	56952,904	56953,215	56953,635	56953,654	25,607	0,692	25,607	0,693	26,000	0,000	NaN	6,329	1,000	915,000	426,000	897,161	422,534
270,000	720,000	990,000	7,407	18,056	78,014	7,000	60,479	26,302	30,806	3,460	36,912	130,000	0,000	154919,110	154920,110	154925,714	154925,992	154926,122	154926,722	0,000	56959,110	56960,110	56965,714	56965,992	56966,122	56966,722	30,893	6,012	5,629	1,212	26,000	0,000	29,763	28,428	1,000	1031,000	590,000	897,161	422,534
280,000	650,000	930,000	6,945	52,308	81,602	3,000	57,052	23,376	16,585	17,681	56,886	340,000	0,000	154932,205	154933,205	154938,098	154938,383	154938,723	154939,044	0,000	56972,205	56973,205	56978,098	56978,383	56978,723	56979,044	27,299	6,392	22,388	4,383	26,000	0,000	60,192	58,050	1,000	948,000	617,000	897,161	422,534
260,000	720,000	980,000	4,746	18,056	69,791	4,000	57,151	15,671	31,082	3,184	39,744	130,000	0,000	154944,890	154945,890	154948,368	154948,633	154948,763	154949,363	0,000	56984,890	56985,890	56988,368	56988,633	56988,763	56989,363	20,838	2,211	6,138	0,619	26,000	0,000	27,105	25,510	1,000	760,000	430,000	897,161	422,534
270,000	430,000	700,000	4,339	97,674	69,406	0,000	59,428	15,374	18,889	15,377	59,428	420,000	0,000	154955,150	154956,151	154959,183	154959,463	154959,883	154959,903	0,000	56995,150	56996,151	56999,183	56999,463	56999,883	56999,903	19,944	1,453	19,949	1,453	26,000	0,000	NaN	12,991	1,000	777,000	459,000	897,161	422,534
300,000	520,000	820,000	2,606	25,000	84,311	4,000	65,041	21,850	31,279	2,987	42,308	130,000	0,000	155005,640	155006,640	155010,349	155010,654	155010,784	155011,182	0,000	57005,640	57006,640	57010,349	57010,654	57010,784	57011,183	27,713	1,487	5,977	0,236	26,000	0,000	20,156	23,348	1,000	967,000	451,000	897,161	422,534
280,000	510,000	790,000	1,465	98,039	83,526	0,000	62,175	20,293	13,972	20,294	62,175	500,000	0,000	155016,626	155017,626	155019,684	155019,974	155020,474	155020,492	0,000	57016,626	57017,626	57019,684	57019,974	57020,474	57020,492	25,744	2,284	25,746	2,282	26,000	0,000	NaN	9,684	1,000	917,000	460,000	897,161	422,534
280,000	540,000	820,000	3,459	25,926	70,875	4,000	59,066	18,026	30,077	4,189	43,980	140,000	0,000	155026,057	155027,057	155032,563	155032,856	155032,996	155033,403	0,000	57026,057	57027,057	57032,564	57032,856	57032,996	57033,403	22,427	2,833	6,945	0,844	26,000	0,000	31,464	29,875	1,000	839,000	504,000	897,161	422,534
30,000	660,000	690,000	2,559	50,000	73,895	2,000	60,298	19,386	22,402	11,864	56,267	330,000	0,000	155038,572	155039,572	155042,960	155043,161	155043,491	155043,823	0,000	57038,572	57039,572	57042,960	57043,161	57043,491	57043,823	25,224	2,836	17,539	2,141	26,000	0,000	65,109	63,721	1,000	859,000	486,000	897,161	422,534
260,000	470,000	730,000	3,710	25,532	85,520	4,000	59,007	19,433	30,491	3,775	41,333	120,000	0,000	155049,241	155050,241	155054,197	155054,463	155054,583	155054,943	0,000	57049,241	57050,241	57054,197	57054,463	57054,583	57054,943	23,739	3,490	6,061	1,035	26,000	0,000	28,018	32,071	1,000	877,000	528,000	897,161	422,534
290,000	430,000	720,000	5,281	97,674	69,172	0,000	58,891	15,122	19,147	15,119	58,891	420,000	0,000	155100,246	155101,246	155105,166	155105,464	155105,884	155105,903	0,000	57060,246	57061,246	57065,166	57065,464	57065,884	57065,903	19,630	1,627	19,631	1,624	26,000	0,000	NaN	7,153	1,000	754,000	369,000	897,161	422,534
310,000	570,000	880,000	5,131	98,246	83,035	0,000	61,390	23,124	11,145	23,121	61,390	560,000	0,000	155111,114	155112,116	155114,337	155114,653	155115,213	155115,233	0,000	57071,114	57072,116	57074,337	57074,653	57075,213	57075,233	28,059	3,975	28,057	3,975	26,000	0,000	NaN	3,022	1,000	988,000	540,000	897,161	422,534
270,000	620,000	890,000	3,161	82,258	70,445	2,000	61,399	15,574	18,725	15,541	61,509	510,000	0,000	155121,227	155122,226	155127,698	155127,972	155128,482	155128,604	0,000	57081,227	57082,226	57087,698	57087,972	57088,482	57088,604	20,628	0,519	20,628	0,451	26,000	0,000	0,476	0,591	1,000	807,000	438,000	897,161	422,534
160,000	550,000	710,000	4,882	98,182	88,965	0,000	54,868	17,990	16,280	17,986	54,868	540,000	0,000	155133,944	155134,944	155139,394	155139,594	155140,134	155140,153	0,000	57093,944	57094,944	57099,394	57099,594	57100,134	57100,153	21,808	4,808	21,809	4,805	26,000	0,000	NaN	4,430	1,000	793,000	518,000	897,161	422,534
260,000	460,000	720,000	1,847	97,826	82,366	0,000	60,784	17,630	16,638	17,628	60,784	450,000	0,000	155145,843	155146,844	155151,387	155151,654	155152,104	155152,122	0,000	57105,843	57106,844	57111,387	57111,654	57112,104	57112,122	22,494	1,835	22,493	1,831	26,000	0,000	NaN	3,836	1,000	844,000	428,000	897,161	422,534
250,000	550,000	800,000	2,959	98,182	66,962	0,000	60,338	20,024	14,237	20,029	60,338	540,000	0,000	155157,561	155158,561	155203,002	155203,264	155203,804	155203,823	0,000	57117,561	57118,561	57123,002	57123,264	57123,804	57123,823	25,122	3,115	25,126	3,116	26,000	0,000	NaN	18,403	1,000	892,000	508,000	897,161	422,534
30,000	630,000	660,000	3,258	98,413	78,395	0,000	63,009	22,114	12,154	22,112	63,009	620,000	0,000	155209,281	155210,281	155215,566	155215,767	155216,387	155216,404	0,000	57129,281	57130,281	57135,566	57135,767	57136,387	57136,404	28,680	2,418	28,678	2,419	26,000	0,000	NaN	8,697	1,000	962,000	491,000	897,161	422,534
270,000	580,000	850,000	4,447	62,069	63,610	2,000	58,898	20,664	18,897	15,369	55,796	360,000	0,000	155221,703	155222,703	155227,190	155227,462	155227,822	155228,053	0,000	57141,703	57142,703	57147,190	57147,462	57147,822	57148,053	25,642	3,801	20,067	3,388	26,000	0,000	22,953	33,259	1,000	915,000	550,000	897,161	422,534
