440,000	810,000	1250,000	17,266	54,321	199,633	4,000	65,323	36,102	1,492	35,758	65,711	440,000	0,000	144725,400	144726,402	144732,295	144732,740	144733,180	144733,556	0,000	53245,400	53246,402	53252,295	53252,740	53253,180	53253,556	40,082	7,224	39,944	6,701	26,000	0,000	2,701	3,372	1,000	1365,000	247,000	897,161	422,534
300,000	490,000	790,000	16,572	91,837	195,353	1,000	68,162	34,665	0,384	34,650	68,199	450,000	0,000	144743,316	144744,316	144750,071	144750,376	144750,826	144750,876	0,000	53263,316	53264,316	53270,071	53270,376	53270,826	53270,876	40,359	4,044	40,358	4,009	26,000	0,000	1,465	4,251	1,000	1365,000	317,000	897,161	422,534
340,000	810,000	1150,000	16,291	45,679	198,078	6,000	69,439	34,254	1,416	32,850	73,055	370,000	0,000	144757,467	144758,468	144801,819	144802,166	144802,536	144802,987	0,000	53277,467	53278,469	53281,819	53282,166	53282,536	53282,987	39,875	3,112	39,384	2,126	26,000	0,000	42,379	31,442	1,000	1365,000	364,000	897,161	422,534
360,000	230,000	590,000	6,393	95,652	210,466	0,000	65,766	24,581	9,792	24,474	65,766	220,000	0,000	144821,233	144822,234	144827,021	144827,386	144827,606	144827,628	0,000	53301,233	53302,234	53307,021	53307,386	53307,606	53307,628	29,520	2,049	29,564	2,045	26,000	0,000	NaN	202,615	1,000	1073,000	365,000	897,161	422,534
320,000	660,000	980,000	2,449	72,727	131,078	4,000	64,762	21,488	12,817	21,449	64,858	480,000	0,000	144836,554	144837,554	144842,940	144843,269	144843,748	144843,936	0,000	53316,554	53317,554	53322,940	53323,269	53323,749	53323,936	26,917	1,418	26,914	1,349	26,000	0,000	0,108	0,160	1,000	956,000	383,000	897,161	422,534
290,000	620,000	910,000	2,277	66,129	129,950	4,000	65,923	24,441	10,701	23,565	66,443	410,000	0,000	144852,914	144853,914	144859,041	144859,338	144859,748	144899,966	0,000	53332,914	53333,914	53339,041	53339,338	53339,748	53339,966	31,272	1,521	30,630	1,211	26,000	0,000	9,518	9,367	1,000	963,000	425,000	897,161	422,534
340,000	660,000	1000,000	1,867	62,121	122,093	4,000	65,665	21,628	12,972	21,294	65,801	410,000	0,000	144910,461	144911,463	144915,179	144915,526	144915,936	144916,197	0,000	53350,461	53351,463	53355,180	53355,526	53355,936	53356,197	27,159	0,969	26,915	0,753	26,000	0,000	4,391	5,424	1,000	951,000	418,000	897,161	422,534
410,000	560,000	970,000	1,424	37,500	102,431	5,000	64,060	20,684	19,762	14,504	64,377	210,000	0,000	144923,283	144924,283	144927,612	144928,026	144928,236	144928,596	0,000	53363,283	53364,283	53367,612	53368,026	53368,236	53368,596	25,953	1,385	20,407	0,692	26,000	0,000	88,490	88,422	1,000	938,000	428,000	897,161	422,534
360,000	840,000	1200,000	7,242	45,238	158,852	6,000	65,710	28,661	6,331	27,935	66,418	380,000	0,000	144936,042	144937,042	144940,186	144940,557	144940,937	144941,406	0,000	53376,042	53377,042	53380,186	53380,557	53380,937	53381,406	32,860	3,769	32,453	3,070	26,000	0,000	11,282	10,843	1,000	1103,000	383,000	897,161	422,534
310,000	600,000	910,000	4,326	38,333	62,849	4,000	58,035	15,457	24,100	10,166	56,330	230,000	0,000	144949,042	144950,042	144953,861	144954,176	144954,406	144954,786	0,000	53389,042	53390,042	53393,861	53394,176	53394,406	53394,787	20,007	1,903	14,861	1,149	26,000	0,000	58,303	60,002	1,000	772,000	419,000	897,161	422,534
300,000	570,000	870,000	5,922	64,912	154,659	4,000	65,847	26,804	8,167	26,099	66,174	370,000	0,000	145004,752	145005,754	145009,097	145009,407	145009,777	145009,987	0,000	53404,752	53405,754	53409,097	53409,407	53409,777	53409,987	31,549	2,904	31,056	2,415	26,000	0,000	9,500	11,473	1,000	1068,000	409,000	897,161	422,534
290,000	620,000	910,000	1,619	62,903	127,121	4,000	66,328	21,868	12,902	21,364	66,705	390,000	0,000	145019,747	145020,748	145023,939	145024,236	145024,626	145024,867	0,000	53419,747	53420,749	53423,939	53424,236	53424,626	53424,867	27,680	0,727	27,304	0,476	26,000	0,000	0,661	1,764	1,000	944,000	424,000	897,161	422,534
250,000	610,000	860,000	1,989	59,016	117,973	5,000	61,360	21,036	13,603	20,663	62,064	360,000	0,000	145031,498	145032,498	145036,755	145037,006	145037,366	145037,627	0,000	53431,498	53432,498	53436,755	53437,006	53437,366	53437,627	25,259	3,184	25,185	2,627	26,000	0,000	5,460	6,381	1,000	895,000	365,000	897,161	422,534
360,000	460,000	820,000	1,483	82,609	107,309	3,000	61,812	18,247	16,184	18,082	61,849	380,000	0,000	145044,645	145045,645	145049,246	145049,616	145049,996	145050,086	0,000	53444,645	53445,645	53449,246	53449,616	53449,996	53450,086	23,328	1,453	23,172	1,418	26,000	0,000	0,233	1,182	1,000	867,000	392,000	897,161	422,534
380,000	690,000	1070,000	7,113	56,522	147,933	5,000	67,899	26,758	7,948	26,318	68,250	390,000	0,000	145056,649	145057,650	145102,824	145103,208	145103,598	145103,906	0,000	53456,649	53457,650	53462,824	53463,208	53463,598	53463,906	31,999	1,730	31,744	1,339	26,000	0,000	4,836	5,217	1,000	1103,000	421,000	897,161	422,534
340,000	640,000	980,000	4,680	64,062	125,844	4,000	63,630	24,496	10,229	24,037	63,916	410,000	0,000	145118,401	145119,400	145123,111	145123,456	145123,866	145124,106	0,000	53478,401	53479,400	53483,111	53483,456	53483,866	53484,106	28,924	3,492	28,615	3,110	26,000	0,000	0,760	1,916	1,000	1027,000	384,000	897,161	422,534
60,000	230,000	290,000	9,873	0,000	254,404	0,000	67,201	29,081	34,266	0,000	17,589	0,000	0,000	145219,961	145220,962	145224,523	145224,723	145224,723	145224,956	0,000	53539,961	53540,962	53544,523	53544,723	53544,723	53544,956	36,494	2,356	0,000	0,000	26,000	0,000	251,515	NaN	1,000	1180,000	382,000	897,161	422,534
510,000	490,000	1000,000	10,861	87,755	130,442	1,000	69,517	28,354	6,172	28,094	69,865	430,000	0,000	145237,497	145238,497	145243,069	145243,587	145244,016	145244,086	0,000	53557,498	53558,497	53563,069	53563,587	53564,017	53564,086	33,696	1,107	33,529	1,071	26,000	0,000	4,962	1,014	1,000	1210,000	392,000	897,161	422,534
300,000	520,000	820,000	6,051	71,154	124,980	4,000	67,030	24,491	10,411	23,855	66,976	370,000	0,000	145258,409	145259,408	145304,713	145305,016	145305,386	145305,546	0,000	53578,409	53579,408	53584,713	53585,016	53585,387	53585,546	28,576	1,523	27,988	1,313	26,000	0,000	3,247	3,399	1,000	1068,000	384,000	897,161	422,534
360,000	480,000	840,000	16,446	70,833	257,220	3,000	68,162	34,169	0,198	34,068	68,416	340,000	0,000	145335,557	145336,557	145339,248	145339,616	145339,956	145340,106	0,000	53615,557	53616,557	53619,248	53619,616	53619,956	53620,106	39,218	3,909	39,218	3,646	26,000	0,000	10,551	15,469	1,000	1365,000	335,000	897,161	422,534
30,000	480,000	510,000	12,995	89,583	176,353	2,000	70,800	32,212	2,081	32,185	70,787	430,000	0,000	145421,499	145422,499	145427,032	145427,233	145427,663	145427,716	0,000	53661,499	53662,499	53667,032	53667,233	53667,663	53667,716	39,669	1,244	39,643	1,245	26,000	0,000	0,271	2,660	1,000	1272,000	392,000	897,161	422,534
290,000	310,000	600,000	1,442	54,839	102,329	2,000	63,561	18,393	19,706	14,560	64,939	170,000	0,000	145435,234	145436,234	145439,898	145440,197	145440,367	145440,516	0,000	53675,234	53676,234	53679,898	53680,197	53680,367	53680,516	21,501	1,279	18,309	0,972	26,000	0,000	79,490	83,880	1,000	893,000	381,000	897,161	422,534
260,000	1170,000	1430,000	1,994	25,641	99,005	17,000	64,410	17,965	17,639	16,627	63,637	300,000	0,000	145449,127	145450,127	145454,666	145454,937	145455,237	145456,116	0,000	53689,127	53690,127	53694,666	53694,937	53695,237	53696,116	20,251	1,140	18,866	1,002	26,000	0,000	2,832	0,785	1,000	847,000	394,000	897,161	422,534
320,000	380,000	700,000	2,880	81,579	95,080	2,000	63,009	16,459	17,818	16,448	62,982	310,000	0,000	145504,595	145505,597	145508,125	145508,449	145508,759	145508,836	0,000	53704,595	53705,597	53708,125	53708,449	53708,759	53708,836	19,524	0,760	19,504	0,764	26,000	0,000	6,040	6,137	1,000	820,000	391,000	897,161	422,534
270,000	540,000	810,000	1,481	59,259	108,623	2,000	64,977	21,903	13,702	20,564	64,926	320,000	0,000	145516,512	145517,513	145520,558	145520,836	145521,156	145521,386	0,000	53716,512	53717,513	53720,558	53720,836	53721,156	53721,386	25,918	1,729	24,698	1,444	26,000	0,000	12,820	14,073	1,000	859,000	403,000	897,161	422,534
70,000	1090,000	1160,000	3,492	44,037	101,859	9,000	64,201	20,236	15,425	18,841	63,486	480,000	0,000	145527,359	145528,358	145531,769	145531,969	145532,449	145533,066	0,000	53727,359	53728,358	53731,769	53731,969	53732,449	53733,066	26,678	1,037	25,229	0,888	26,000	0,000	1,015	1,275	1,000	797,000	409,000	897,161	422,534
30,000	440,000	470,000	8,754	50,000	151,902	2,000	69,346	28,951	18,992	15,274	68,441	220,000	0,000	145538,955	145539,957	145543,421	145543,622	145543,842	145544,066	0,000	53738,955	53739,957	53743,421	53743,622	53743,842	53744,066	35,907	1,107	22,716	0,771	26,000	0,000	100,819	111,122	1,000	1149,000	395,000	897,161	422,534
240,000	550,000	790,000	2,588	50,909	180,684	4,000	71,987	36,195	4,336	29,930	72,132	280,000	0,000	145553,711	145554,711	145600,493	145600,736	145601,016	145601,296	0,000	53753,711	53754,711	53760,493	53760,737	53761,017	53761,296	40,674	1,555	34,820	1,269	26,000	0,000	15,612	21,783	1,000	962,000	460,000	897,161	422,534
390,000	480,000	870,000	3,830	45,833	82,197	6,000	60,762	15,961	19,206	15,060	61,235	220,000	0,000	145608,717	145609,718	145612,115	145612,506	145612,726	145612,996	0,000	53768,717	53769,718	53772,115	53772,506	53772,726	53772,996	18,728	1,625	18,164	1,365	26,000	0,000	63,332	63,980	1,000	798,000	373,000	897,161	422,534
260,000	870,000	1130,000	3,122	36,782	130,914	8,000	65,500	23,963	11,968	22,298	64,962	320,000	0,000	145620,826	145621,828	145627,047	145627,316	145627,636	145628,196	0,000	53780,826	53781,828	53787,048	53787,316	53787,636	53788,196	28,336	2,488	26,697	2,226	26,000	0,000	0,304	0,454	1,000	966,000	364,000	897,161	422,534
220,000	530,000	750,000	1,972	64,151	106,793	5,000	62,422	20,399	13,996	20,270	62,491	340,000	0,000	145634,823	145635,825	145641,196	145641,426	145641,766	145641,967	0,000	53794,823	53795,825	53801,196	53801,426	53801,766	53801,967	25,088	2,214	24,992	2,109	26,000	0,000	2,265	2,627	1,000	914,000	368,000	897,161	422,534
340,000	640,000	980,000	6,079	20,312	153,018	10,000	68,526	26,633	18,268	15,998	69,574	130,000	0,000	145648,128	145649,128	145651,679	145652,026	145652,156	145652,676	0,000	53808,128	53809,128	53811,679	53812,026	53812,156	53812,676	29,199	1,659	19,453	1,044	26,000	0,000	141,829	138,959	1,000	1072,000	403,000	897,161	422,534
250,000	490,000	740,000	4,907	57,143	161,069	4,000	69,697	29,329	6,891	27,375	69,932	280,000	0,000	145659,847	145700,848	145704,666	145704,926	145705,206	145705,426	0,000	53819,847	53820,848	53824,666	53824,926	53825,206	53825,426	31,759	2,179	30,083	1,867	26,000	0,000	26,053	28,464	1,000	1032,000	378,000	897,161	422,534
280,000	510,000	790,000	10,206	80,392	161,119	1,000	69,792	28,759	5,786	28,480	69,727	410,000	0,000	145710,762	145711,764	145716,435	145716,717	145717,128	145717,236	0,000	53830,762	53831,764	53836,435	53836,718	53837,128	53837,236	33,280	1,280	33,023	1,244	26,000	0,000	3,114	0,611	1,000	1190,000	384,000	897,161	422,534
290,000	410,000	700,000	4,064	87,805	116,511	2,000	67,304	22,957	11,343	22,923	67,330	360,000	0,000	145724,288	145725,289	145730,240	145730,536	145730,896	145730,956	0,000	53844,288	53845,289	53850,240	53850,536	53850,896	53850,956	28,231	0,796	28,222	0,766	26,000	0,000	1,201	9,880	1,000	1014,000	409,000	897,161	422,534
280,000	480,000	760,000	6,461	52,083	83,427	4,000	60,119	11,323	23,330	10,936	60,062	250,000	0,000	145736,101	145737,103	145742,773	145743,056	145743,306	145743,546	0,000	53856,101	53857,103	53862,773	53863,056	53863,306	53863,546	11,957	1,347	11,597	1,250	26,000	0,000	4,222	3,056	1,000	718,000	369,000	897,161	422,534
320,000	480,000	800,000	7,138	27,083	146,742	3,000	68,242	25,602	23,033	11,233	65,099	130,000	0,000	145751,192	145752,193	145757,164	145757,486	145757,616	145757,976	0,000	53871,192	53872,193	53877,164	53877,486	53877,616	53877,977	29,999	1,005	15,722	0,622	26,000	0,000	91,037	90,467	1,000	1103,000	405,000	897,161	422,534
280,000	320,000	600,000	7,680	40,625	159,903	3,000	69,022	25,182	18,710	15,556	70,987	130,000	0,000	145804,214	145805,216	145809,182	145809,467	145809,598	145809,796	0,000	53884,214	53885,216	53889,182	53889,468	53889,598	53889,796	28,487	0,658	19,819	0,433	26,000	0,000	125,157	124,216	1,000	1119,000	409,000	897,161	422,534
280,000	500,000	780,000	1,344	50,000	134,058	4,000	65,814	17,992	16,662	17,604	65,950	250,000	0,000	145815,239	145816,239	145822,003	145822,287	145822,537	145822,797	0,000	53895,240	53896,239	53902,003	53902,287	53902,537	53902,797	19,870	0,450	19,606	0,391	26,000	0,000	16,659	13,588	1,000	859,000	415,000	897,161	422,534
330,000	340,000	670,000	10,991	97,059	156,893	0,000	69,300	28,975	5,294	28,972	69,300	330,000	0,000	145830,886	145831,886	145834,729	145835,066	145835,396	145835,416	0,000	53910,886	53911,886	53914,730	53915,066	53915,396	53915,416	34,455	1,799	34,457	1,799	26,000	0,000	NaN	17,083	1,000	1208,000	355,000	897,161	422,534
140,000	1180,000	1320,000	6,394	24,576	116,647	16,000	67,243	25,884	13,181	21,085	68,750	290,000	0,000	145841,408	145842,408	145847,878	145848,079	145848,369	145849,267	0,000	53921,409	53922,408	53927,878	53928,079	53928,369	53929,267	31,860	1,556	27,819	1,254	26,000	0,000	106,235	107,203	1,000	1080,000	394,000	897,161	422,534
350,000	350,000	700,000	16,180	48,571	234,694	4,000	71,301	32,340	2,456	31,810	72,248	170,000	0,000	145855,500	145856,501	145900,608	145900,967	145901,137	145901,326	0,000	53935,500	53936,501	53940,608	53940,967	53941,137	53941,326	35,486	1,628	35,786	0,727	26,000	0,000	209,923	212,914	1,000	1365,000	403,000	897,161	422,534
220,000	870,000	1090,000	10,191	52,874	179,150	8,000	69,729	30,732	4,241	30,025	69,809	460,000	0,000	145907,672	145908,673	145912,026	145912,256	145912,716	145913,136	0,000	53947,672	53948,673	53952,026	53952,256	53952,716	53953,136	37,803	1,486	37,160	1,176	26,000	0,000	5,736	6,894	1,000	1191,000	397,000	897,161	422,534
250,000	470,000	720,000	16,212	61,702	210,462	4,000	69,845	32,685	1,677	32,589	70,105	290,000	0,000	145919,207	145920,209	145924,173	145924,426	145924,716	145924,906	0,000	53959,207	53960,209	53964,173	53964,426	53964,716	53964,906	35,590	2,800	35,589	2,531	26,000	0,000	5,682	9,272	1,000	1365,000	387,000	897,161	422,534
250,000	470,000	720,000	4,704	27,660	135,786	5,000	65,364	24,849	24,429	9,837	59,806	130,000	0,000	145930,949	145931,950	145936,017	145936,277	145936,407	145936,756	0,000	53970,949	53971,950	53976,017	53976,277	53976,407	53976,756	28,783	2,523	13,581	1,258	26,000	0,000	83,170	80,210	1,000	1021,000	366,000	897,161	422,534
290,000	340,000	630,000	11,643	97,059	159,378	0,000	68,368	28,928	5,340	28,926	68,368	330,000	0,000	145943,591	145944,591	145946,948	145947,246	145947,576	145947,597	0,000	53983,591	53984,591	53986,948	53987,246	53987,576	53987,597	32,758	2,660	32,758	2,660	26,000	0,000	NaN	10,609	1,000	1222,000	333,000	897,161	422,534
30,000	560,000	590,000	11,738	51,786	143,404	2,000	69,672	29,981	21,064	13,202	65,566	290,000	0,000	145954,827	145955,828	145958,984	145959,184	145959,474	145959,746	0,000	53994,827	53995,828	53998,984	53999,184	53999,474	53999,746	37,147	1,244	20,354	0,795	26,000	0,000	82,477	84,019	1,000	1235,000	387,000	897,161	422,534
330,000	280,000	610,000	3,261	96,429	112,436	0,000	62,188	19,092	15,158	19,108	62,188	270,000	0,000	150006,483	150007,484	150009,763	150010,097	150010,367	150010,387	0,000	54006,483	54007,485	54009,763	54010,097	54010,367	54010,387	22,642	2,558	22,658	2,559	26,000	0,000	NaN	38,558	1,000	927,000	333,000	897,161	422,534
30,000	550,000	580,000	11,302	54,545	137,874	2,000	70,028	29,280	20,309	13,957	67,229	300,000	0,000	150022,697	150023,697	150025,778	150025,979	150026,279	150026,536	0,000	54022,697	54023,697	54025,778	54025,979	54026,279	54026,536	37,389	0,346	22,150	0,133	26,000	0,000	96,918	97,154	1,000	1224,000	435,000	897,161	422,534
250,000	660,000	910,000	7,977	56,061	142,998	6,000	70,028	30,755	4,941	29,325	69,873	370,000	0,000	150034,294	150035,295	150039,755	150040,006	150040,376	150040,676	0,000	54034,294	54035,295	54039,755	54040,006	54040,376	54040,676	35,765	1,728	34,447	1,371	26,000	0,000	15,550	15,955	1,000	1127,000	401,000	897,161	422,534
130,000	1300,000	1430,000	10,340	10,000	85,281	15,000	70,242	31,233	34,130	0,136	26,872	130,000	0,000	150046,536	150047,537	150049,973	150050,174	150050,304	150051,476	0,000	54046,536	54047,537	54049,973	54050,175	54050,305	54051,476	38,309	1,175	0,684	0,003	26,000	0,000	0,313	0,212	1,000	1196,000	407,000	897,161	422,534
250,000	330,000	580,000	9,947	96,970	165,105	0,000	70,278	28,005	6,257	28,009	70,278	320,000	0,000	150058,873	150059,873	150105,388	150105,647	150105,967	150105,986	0,000	54058,873	54059,873	54065,388	54065,647	54065,967	54065,986	31,866	0,589	31,874	0,589	26,000	0,000	NaN	9,150	1,000	1185,000	418,000	897,161	422,534
250,000	860,000	1110,000	11,251	17,442	191,803	8,000	70,313	38,531	17,555	16,711	70,388	150,000	0,000	150111,990	150112,990	150118,687	150118,946	150119,096	150119,816	0,000	54071,990	54072,990	54078,687	54078,946	54079,096	54079,816	42,056	4,285	21,329	1,898	26,000	0,000	125,363	124,621	1,000	1218,000	367,000	897,161	422,534
270,000	440,000	710,000	16,166	97,727	185,140	0,000	72,591	33,998	0,271	33,995	72,591	430,000	0,000	150126,050	150127,050	150129,101	150129,377	150129,807	150129,826	0,000	54086,050	54087,050	54089,101	54089,377	54089,807	54089,826	41,495	0,416	41,492	0,413	26,000	0,000	NaN	13,414	1,000	1365,000	424,000	897,161	422,534
270,000	350,000	620,000	5,178	97,143	122,951	0,000	67,291	23,531	10,734	23,532	67,291	340,000	0,000	150137,698	150138,697	150141,829	150142,106	150142,446	150142,466	0,000	54097,698	54098,697	54101,829	54102,106	54102,446	54102,466	29,610	0,587	29,610	0,588	26,000	0,000	NaN	22,313	1,000	1047,000	421,000	897,161	422,534
30,000	1160,000	1190,000	6,384	30,172	114,491	12,000	69,369	27,546	11,486	22,780	69,926	350,000	0,000	150148,964	150149,965	150155,040	150155,240	150155,590	150156,406	0,000	54108,964	54109,965	54115,040	54115,240	54115,590	54116,406	32,242	1,209	27,989	0,918	26,000	0,000	88,193	92,666	1,000	1081,000	441,000	897,161	422,534
250,000	420,000	670,000	8,115	83,333	137,173	2,000	68,408	25,339	8,984	25,282	68,496	350,000	0,000	150202,576	150203,575	150208,419	150208,676	150209,026	150209,106	0,000	54122,575	54123,575	54128,419	54128,676	54129,026	54129,106	29,543	0,762	29,534	0,686	26,000	0,000	0,366	0,863	1,000	1132,000	422,000	897,161	422,534
370,000	680,000	1050,000	4,665	47,059	126,089	5,000	69,078	23,473	12,017	22,249	68,479	320,000	0,000	150217,359	150218,360	150221,533	150221,906	150222,226	150222,596	0,000	54137,359	54138,360	54141,533	54141,906	54142,226	54142,596	27,755	0,484	26,469	0,451	26,000	0,000	2,421	2,706	1,000	1032,000	416,000	897,161	422,534
260,000	910,000	1170,000	1,317	21,978	209,296	11,000	70,239	28,577	10,317	23,949	71,217	200,000	0,000	150228,547	150229,547	150234,156	150234,426	150234,626	150235,346	0,000	54148,547	54149,547	54154,156	54154,426	54154,626	54155,346	30,650	1,245	26,723	0,759	26,000	0,000	64,333	56,968	1,000	860,000	414,000	897,161	422,534
300,000	390,000	690,000	16,167	79,487	244,671	2,000	69,366	33,086	1,325	32,941	69,697	310,000	0,000	150241,334	150242,333	150245,242	150245,547	150245,858	150245,946	0,000	54161,334	54162,333	54165,242	54165,548	54165,858	54165,946	37,525	2,703	37,525	2,295	26,000	0,000	12,876	15,083	1,000	1365,000	416,000	897,161	422,534
270,000	480,000	750,000	16,170	58,333	244,147	4,000	72,172	32,543	1,779	32,487	72,324	280,000	0,000	150255,888	150256,889	150302,569	150302,847	150303,127	150303,336	0,000	54175,888	54176,889	54182,569	54182,847	54183,127	54183,336	36,074	0,934	36,072	0,768	26,000	0,000	12,704	17,790	1,000	1365,000	411,000	897,161	422,534
30,000	430,000	460,000	13,474	97,674	168,980	0,000	70,864	32,105	2,163	32,103	70,864	420,000	0,000	150315,991	150316,992	150322,967	150323,167	150323,587	150323,607	0,000	54195,991	54196,993	54202,967	54203,167	54203,587	54203,607	39,703	1,140	39,702	1,140	26,000	0,000	NaN	20,126	1,000	1286,000	393,000	897,161	422,534
290,000	360,000	650,000	6,065	97,222	129,883	0,000	68,471	23,806	10,460	23,806	68,471	350,000	0,000	150334,420	150335,420	150339,256	150339,557	150339,907	150339,927	0,000	54214,420	54215,420	54219,256	54219,557	54219,907	54219,927	27,368	0,691	27,368	0,691	26,000	0,000	NaN	2,907	1,000	1070,000	392,000	897,161	422,534
270,000	330,000	600,000	3,564	42,424	112,061	2,000	66,118	20,930	23,116	11,150	63,673	140,000	0,000	150350,435	150351,435	150356,007	150356,287	150356,427	150356,626	0,000	54230,435	54231,435	54236,007	54236,287	54236,427	54236,626	24,601	0,898	14,932	0,675	26,000	0,000	70,008	77,875	1,000	994,000	387,000	897,161	422,534
300,000	470,000	770,000	9,558	27,660	147,878	3,000	67,058	26,744	22,108	12,158	64,477	130,000	0,000	150405,472	150406,472	150412,102	150412,407	150412,536	150412,886	0,000	54245,472	54246,472	54252,102	54252,407	54252,537	54252,887	29,683	2,834	15,451	1,676	26,000	0,000	100,546	94,055	1,000	1156,000	325,000	897,161	422,534
280,000	840,000	1120,000	6,396	17,857	150,406	10,000	69,874	25,047	15,315	18,951	72,191	150,000	0,000	150419,975	150420,974	150426,567	150426,856	150427,006	150427,706	0,000	54259,975	54260,974	54266,567	54266,856	54267,006	54267,706	27,197	0,760	22,006	0,352	26,000	0,000	124,265	125,307	1,000	1081,000	401,000	897,161	422,534
330,000	460,000	790,000	2,897	69,565	108,342	5,000	66,656	20,205	14,115	20,151	66,615	320,000	0,000	150438,856	150439,857	150444,273	150444,607	150444,927	150445,076	0,000	54278,856	54279,857	54284,273	54284,607	54284,927	54285,076	23,775	0,138	23,716	0,138	26,000	0,000	2,342	1,197	1,000	981,000	424,000	897,161	422,534
270,000	290,000	560,000	10,067	89,655	80,012	1,000	54,845	9,540	24,744	9,522	54,845	260,000	0,000	150450,581	150451,580	150456,000	150456,277	150456,537	150456,576	0,000	54290,581	54291,580	54296,001	54296,277	54296,537	54296,576	11,819	0,691	11,806	0,691	26,000	0,000	NaN	2,658	1,000	608,000	387,000	897,161	422,534
290,000	630,000	920,000	3,428	47,619	138,824	6,000	68,173	24,580	11,249	23,017	67,834	300,000	0,000	150502,553	150503,554	150508,931	150509,226	150509,526	150509,866	0,000	54302,553	54303,554	54308,931	54309,226	54309,526	54309,866	27,542	1,347	25,977	1,074	26,000	0,000	10,835	11,245	1,000	994,000	401,000	897,161	422,534
280,000	450,000	730,000	1,918	68,889	114,528	3,000	65,808	20,874	13,543	20,723	65,947	310,000	0,000	150515,574	150516,574	150522,038	150522,327	150522,637	150522,786	0,000	54315,574	54316,574	54322,039	54322,327	54322,637	54322,786	25,053	0,795	24,947	0,716	26,000	0,000	8,786	8,145	1,000	951,000	409,000	897,161	422,534
500,000	460,000	960,000	5,592	91,304	129,456	1,000	66,630	24,528	9,810	24,456	66,733	420,000	0,000	150537,437	150538,438	150541,345	150541,847	150542,266	150542,316	0,000	54337,437	54338,439	54341,345	54341,847	54342,267	54342,316	29,617	1,868	29,577	1,844	26,000	0,000	0,574	0,789	1,000	1046,000	359,000	897,161	422,534
110,000	20,000	130,000	25,299	0,000	0,000	0,000	21,173	0,000	34,266	0,000	21,173	0,000	0,000	150548,778	150549,779	150552,513	150552,713	150552,713	150552,736	0,000	54348,778	54349,779	54352,513	54352,713	54352,713	54352,736	0,000	0,000	0,000	0,000	26,000	0,000	NaN	NaN	1,000	165,000	426,000	897,161	422,534
280,000	530,000	810,000	16,235	56,604	223,449	4,000	70,365	33,047	1,313	32,953	70,626	300,000	0,000	150558,470	150559,472	150605,271	150605,556	150605,856	150606,098	0,000	54358,470	54359,472	54365,271	54365,556	54365,856	54366,098	36,385	2,558	36,384	2,285	26,000	0,000	5,007	8,627	1,000	1365,000	379,000	897,161	422,534
270,000	280,000	550,000	1,167	96,429	125,589	0,000	63,700	15,494	18,777	15,489	63,700	270,000	0,000	150612,042	150613,042	150617,734	150618,007	150618,277	150618,296	0,000	54372,042	54373,042	54377,734	54378,007	54378,277	54378,296	19,699	0,104	19,698	0,104	26,000	0,000	NaN	1,311	1,000	864,000	429,000	897,161	422,534
310,000	310,000	620,000	7,057	58,065	185,727	2,000	67,908	22,678	15,065	19,201	70,471	180,000	0,000	150624,937	150625,937	150629,540	150629,856	150630,036	150630,176	0,000	54384,937	54385,937	54389,540	54389,856	54390,036	54390,176	23,600	1,313	21,021	1,071	26,000	0,000	53,175	51,653	1,000	693,000	428,000	897,161	422,534
290,000	490,000	780,000	1,066	69,388	139,352	2,000	65,800	18,285	16,379	17,888	65,662	340,000	0,000	150637,433	150638,433	150643,142	150643,436	150643,776	150643,936	0,000	54397,433	54398,433	54403,143	54403,436	54403,776	54403,936	21,149	0,242	20,739	0,242	26,000	0,000	4,057	2,354	1,000	867,000	429,000	897,161	422,534
260,000	310,000	570,000	5,295	51,613	91,583	2,000	61,109	13,613	22,362	11,904	62,013	160,000	0,000	150649,731	150650,730	150655,350	150655,618	150655,778	150655,938	0,000	54409,731	54410,730	54415,350	54415,618	54415,778	54415,938	16,656	0,207	15,367	0,138	26,000	0,000	72,862	73,120	1,000	744,000	418,000	897,161	422,534
180,000	20,000	200,000	25,610	0,000	0,000	0,000	20,244	0,000	34,266	0,000	20,244	0,000	0,000	150700,925	150701,926	150704,763	150704,964	150704,964	150704,986	0,000	54420,925	54421,926	54424,763	54424,964	54424,964	54424,987	0,000	0,000	0,000	0,000	26,000	0,000	NaN	NaN	1,000	156,000	423,000	897,161	422,534
260,000	460,000	720,000	1,285	60,870	125,468	4,000	63,856	15,126	19,289	14,977	63,992	280,000	0,000	150710,629	150711,629	150717,352	150717,616	150717,896	150718,086	0,000	54430,629	54431,629	54437,352	54437,616	54437,896	54438,086	17,382	0,207	17,260	0,139	26,000	0,000	0,058	1,501	1,000	860,000	421,000	897,161	422,534
360,000	1070,000	1430,000	8,669	29,907	164,046	14,000	71,128	28,424	8,124	26,142	70,599	320,000	0,000	150723,294	150724,294	150726,522	150726,887	150727,207	150727,966	0,000	54443,294	54444,294	54446,522	54446,887	54447,207	54447,966	31,305	0,622	28,995	0,382	26,000	0,000	3,064	2,776	1,000	1148,000	427,000	897,161	422,534
260,000	390,000	650,000	1,738	76,923	104,798	1,000	62,819	15,422	18,907	15,359	62,764	300,000	0,000	150733,594	150734,596	150739,809	150740,077	150740,377	150740,476	0,000	54453,594	54454,596	54459,809	54460,077	54460,377	54460,476	18,661	0,311	18,590	0,311	26,000	0,000	2,160	3,126	1,000	847,000	419,000	897,161	422,534
290,000	410,000	700,000	6,111	75,610	86,965	2,000	59,500	13,220	21,093	13,173	59,466	310,000	0,000	150747,677	150748,676	150752,597	150752,897	150753,207	150753,316	0,000	54467,677	54468,676	54472,597	54472,897	54473,207	54473,316	17,555	0,484	17,510	0,484	26,000	0,000	1,455	2,308	1,000	722,000	398,000	897,161	422,534
70,000	540,000	610,000	14,323	98,148	169,955	0,000	70,866	33,246	1,023	33,243	70,866	530,000	0,000	150800,036	150801,038	150803,644	150803,845	150804,375	150804,387	0,000	54480,036	54481,038	54483,645	54483,845	54484,375	54484,387	40,362	1,697	40,362	1,699	26,000	0,000	NaN	14,460	1,000	1311,000	399,000	897,161	422,534
60,000	470,000	530,000	5,238	46,809	134,245	4,000	65,269	26,289	18,884	15,382	64,899	220,000	0,000	150810,569	150811,570	150815,809	150816,009	150816,229	150816,486	0,000	54490,569	54491,570	54495,809	54496,010	54496,230	54496,486	32,794	3,110	22,615	1,894	26,000	0,000	91,108	95,517	1,000	1039,000	369,000	897,161	422,534
280,000	610,000	890,000	2,722	40,984	137,697	5,000	65,373	22,838	14,472	19,794	66,938	250,000	0,000	150826,667	150827,668	150829,764	150830,046	150830,296	150830,666	0,000	54506,667	54507,668	54509,764	54510,046	54510,296	54510,667	29,545	1,382	27,202	1,218	26,000	0,000	119,669	118,347	1,000	968,000	457,000	897,161	422,534
250,000	370,000	620,000	1,208	70,270	156,318	2,000	68,066	23,784	11,574	22,692	68,400	260,000	0,000	150836,303	150837,303	150842,482	150842,737	150842,997	150843,118	0,000	54516,303	54517,303	54522,482	54522,737	54522,997	54523,118	26,714	1,175	25,842	1,074	26,000	0,000	17,789	24,577	1,000	923,000	399,000	897,161	422,534
260,000	820,000	1080,000	2,854	30,488	137,741	10,000	67,345	20,655	15,681	18,585	66,769	250,000	0,000	150848,809	150849,808	150853,671	150853,937	150854,187	150854,766	0,000	54528,809	54529,808	54533,671	54533,937	54534,187	54534,766	23,222	0,415	21,172	0,300	26,000	0,000	17,103	15,074	1,000	815,000	414,000	897,161	422,534
280,000	410,000	690,000	4,211	41,463	141,281	4,000	69,118	24,845	14,710	19,556	71,124	170,000	0,000	150900,454	150901,455	150904,689	150904,977	150905,147	150905,396	0,000	54540,454	54541,455	54544,689	54544,977	54545,147	54545,396	28,373	0,588	23,928	0,315	26,000	0,000	113,750	117,107	1,000	1019,000	425,000	897,161	422,534
240,000	410,000	650,000	2,729	68,293	162,730	2,000	70,538	28,953	7,692	26,574	70,988	280,000	0,000	150910,810	150911,811	150915,116	150915,366	150915,646	150915,786	0,000	54550,810	54551,811	54555,116	54555,366	54555,646	54555,787	32,909	0,864	30,813	0,709	26,000	0,000	7,262	22,007	1,000	976,000	427,000	897,161	422,534
280,000	400,000	680,000	1,572	37,500	141,243	5,000	65,900	23,755	16,496	17,770	67,445	150,000	0,000	150922,119	150923,120	150925,888	150926,176	150926,326	150926,586	0,000	54562,119	54563,121	54565,888	54566,176	54566,326	54566,586	26,857	2,039	21,770	1,319	26,000	0,000	121,051	127,002	1,000	930,000	454,000	897,161	422,534
270,000	420,000	690,000	1,904	83,333	106,918	1,000	64,615	18,624	16,020	18,246	64,764	350,000	0,000	150932,358	150933,358	150936,741	150937,016	150937,366	150937,446	0,000	54572,358	54573,358	54576,741	54577,016	54577,366	54577,446	21,433	1,106	21,106	1,104	26,000	0,000	3,336	3,201	1,000	844,000	437,000	897,161	422,534
360,000	1000,000	1360,000	3,997	30,000	163,076	10,000	71,028	32,626	4,996	29,270	71,348	300,000	0,000	150943,405	150944,406	150946,629	150946,997	150947,297	150948,006	0,000	54583,405	54584,406	54586,629	54586,997	54587,297	54588,006	37,283	1,522	34,294	1,102	26,000	0,000	27,026	22,398	1,000	1011,000	443,000	897,161	422,534
240,000	380,000	620,000	3,879	65,789	141,184	2,000	66,968	21,048	15,229	19,037	66,952	250,000	0,000	150954,641	150955,642	151001,110	151001,356	151001,606	151001,746	0,000	54594,641	54595,642	54601,110	54601,357	54601,607	54601,746	23,918	0,656	22,099	0,487	26,000	0,000	11,646	25,036	1,000	785,000	427,000	897,161	422,534
370,000	400,000	770,000	6,645	62,500	212,484	2,000	71,241	26,299	9,483	24,784	71,663	250,000	0,000	151007,799	151008,799	151011,066	151011,447	151011,697	151011,856	0,000	54607,799	54608,799	54611,066	54611,447	54611,697	54611,856	26,988	0,864	25,730	0,707	26,000	0,000	9,228	10,662	1,000	1089,000	409,000	897,161	422,534
250,000	360,000	610,000	2,061	83,333	114,334	2,000	63,285	19,374	14,916	19,350	63,359	300,000	0,000	151017,586	151018,587	151022,441	151022,697	151022,997	151023,066	0,000	54617,586	54618,588	54622,442	54622,697	54622,997	54623,066	23,843	1,382	23,823	1,386	26,000	0,000	5,804	13,517	1,000	850,000	386,000	897,161	422,534
250,000	380,000	630,000	3,731	39,474	147,605	4,000	69,000	24,703	16,211	18,055	70,919	150,000	0,000	151032,487	151033,487	151038,845	151039,098	151039,248	151039,486	0,000	54632,487	54633,487	54638,845	54639,098	54639,248	54639,486	27,961	0,553	22,172	0,149	26,000	0,000	120,008	121,720	1,000	1005,000	428,000	897,161	422,534
300,000	330,000	630,000	9,747	96,970	146,607	0,000	69,641	26,977	7,293	26,973	69,641	320,000	0,000	151045,057	151046,057	151051,310	151051,616	151051,936	151051,956	0,000	54645,057	54646,057	54651,310	54651,616	54651,936	54651,956	30,453	0,935	30,458	0,935	26,000	0,000	NaN	5,829	1,000	1179,000	411,000	897,161	422,534
260,000	630,000	890,000	2,946	34,921	130,088	8,000	69,971	27,293	11,909	22,357	70,508	220,000	0,000	151058,456	151059,457	151104,256	151104,516	151104,736	151105,156	0,000	54658,456	54659,457	54664,256	54664,516	54664,736	54665,156	31,618	0,656	27,209	0,373	26,000	0,000	114,788	117,014	1,000	982,000	414,000	897,161	422,534
260,000	340,000	600,000	3,532	85,294	103,332	1,000	62,815	16,334	18,049	16,217	62,892	290,000	0,000	151111,345	151112,346	151117,985	151118,246	151118,536	151118,596	0,000	54671,345	54672,346	54677,985	54678,246	54678,536	54678,596	20,149	0,485	20,094	0,472	26,000	0,000	2,671	5,636	1,000	795,000	426,000	897,161	422,534
370,000	420,000	790,000	4,317	35,714	126,575	3,000	67,582	22,824	17,926	16,340	69,052	150,000	0,000	151124,672	151125,671	151128,401	151128,776	151128,926	151129,206	0,000	54684,672	54685,671	54688,401	54688,776	54688,926	54689,206	26,475	0,553	20,724	0,408	26,000	0,000	118,201	121,077	1,000	1021,000	439,000	897,161	422,534
270,000	370,000	640,000	0,947	75,676	133,638	2,000	66,181	20,037	14,507	19,759	66,272	280,000	0,000	151134,846	151135,846	151139,987	151140,267	151140,547	151140,646	0,000	54694,846	54695,846	54699,987	54700,267	54700,547	54700,646	23,224	0,553	22,984	0,550	26,000	0,000	5,841	8,583	1,000	921,000	409,000	897,161	422,534
320,000	370,000	690,000	0,831	35,135	125,873	4,000	65,941	20,016	20,159	14,107	67,223	130,000	0,000	151146,345	151147,345	151149,966	151150,299	151150,429	151150,676	0,000	54706,345	54707,345	54709,966	54710,299	54710,429	54710,676	23,225	0,589	18,053	0,222	26,000	0,000	114,309	118,579	1,000	920,000	415,000	897,161	422,534
250,000	380,000	630,000	1,472	36,842	126,678	3,000	66,225	20,400	19,759	14,507	67,500	140,000	0,000	151155,628	151156,629	151201,962	151202,217	151202,357	151202,606	0,000	54715,628	54716,629	54721,962	54722,217	54722,357	54722,606	24,506	0,484	19,369	0,233	26,000	0,000	109,668	111,037	1,000	861,000	400,000	897,161	422,534
270,000	460,000	730,000	2,248	45,652	225,076	3,000	69,690	24,170	12,008	22,258	69,752	210,000	0,000	151208,513	151209,514	151214,440	151214,717	151214,927	151215,187	0,000	54728,513	54729,515	54734,440	54734,717	54734,927	54735,187	25,502	0,484	23,837	0,319	26,000	0,000	17,631	12,617	1,000	962,000	428,000	897,161	422,534
260,000	400,000	660,000	2,583	72,500	101,347	3,000	62,592	15,782	18,560	15,706	62,590	290,000	0,000	151220,862	151221,862	151226,547	151226,816	151227,106	151227,226	0,000	54740,862	54741,862	54746,548	54746,816	54747,106	54747,227	19,386	0,311	19,322	0,277	26,000	0,000	0,244	1,609	1,000	823,000	432,000	897,161	422,534
260,000	550,000	810,000	1,408	29,091	122,368	8,000	64,070	17,508	19,562	14,704	64,617	160,000	0,000	151233,474	151234,475	151239,446	151239,717	151239,877	151240,276	0,000	54753,474	54754,475	54759,446	54759,717	54759,877	54760,276	19,939	0,933	17,588	0,742	26,000	0,000	83,951	84,665	1,000	868,000	451,000	897,161	422,534
300,000	430,000	730,000	5,138	69,767	72,929	2,000	60,157	11,904	22,420	11,846	60,224	300,000	0,000	151245,613	151246,614	151251,281	151251,586	151251,886	151252,026	0,000	54765,613	54766,614	54771,281	54771,586	54771,886	54772,026	14,100	0,346	14,041	0,346	26,000	0,000	1,255	2,490	1,000	749,000	410,000	897,161	422,534
350,000	600,000	950,000	14,740	53,333	218,431	3,000	72,300	34,447	1,378	32,888	71,982	320,000	0,000	151257,380	151258,380	151300,624	151300,976	151301,296	151301,586	0,000	54777,381	54778,380	54780,624	54780,976	54781,296	54781,586	39,118	1,037	37,578	0,801	26,000	0,000	9,760	13,550	1,000	1323,000	448,000	897,161	422,534
250,000	270,000	520,000	2,611	66,667	95,403	2,000	60,551	14,326	20,968	13,298	61,205	180,000	0,000	151307,452	151308,453	151313,481	151313,736	151313,916	151314,016	0,000	54787,452	54788,453	54793,481	54793,736	54793,916	54794,016	16,689	1,072	16,069	0,974	26,000	0,000	44,357	66,190	1,000	834,000	464,000	897,161	422,534
290,000	400,000	690,000	4,497	77,500	138,892	2,000	68,049	24,553	10,004	24,262	67,951	310,000	0,000	151320,451	151321,451	151324,950	151325,246	151325,556	151325,656	0,000	54800,451	54801,451	54804,950	54805,246	54805,556	54805,656	29,343	0,380	29,085	0,347	26,000	0,000	12,247	13,976	1,000	1026,000	441,000	897,161	422,534
300,000	310,000	610,000	0,894	51,613	113,163	2,000	65,079	19,079	19,718	14,548	66,815	160,000	0,000	151335,742	151336,744	151340,675	151340,976	151341,136	151341,296	0,000	54815,742	54816,744	54820,675	54820,976	54821,136	54821,296	22,808	0,453	19,056	0,179	26,000	0,000	92,507	92,142	1,000	923,000	424,000	897,161	422,534
310,000	330,000	640,000	5,038	78,788	98,588	2,000	61,931	14,206	20,206	14,060	61,976	260,000	0,000	151347,009	151348,009	151351,720	151352,037	151352,297	151352,376	0,000	54827,009	54828,009	54831,720	54832,037	54832,297	54832,376	16,691	0,622	16,597	0,621	26,000	0,000	2,167	8,273	1,000	752,000	409,000	897,161	422,534
290,000	320,000	610,000	1,826	93,750	125,956	1,000	65,811	19,620	14,652	19,614	65,811	300,000	0,000	151358,697	151359,697	151405,678	151405,976	151406,277	151406,306	0,000	54838,697	54839,697	54845,678	54845,977	54846,277	54846,306	22,846	0,520	22,850	0,523	26,000	0,000	NaN	4,166	1,000	950,000	422,000	897,161	422,534
310,000	400,000	710,000	2,503	37,500	94,236	4,000	62,341	15,776	23,942	10,324	62,048	150,000	0,000	151411,730	151412,731	151416,934	151417,247	151417,397	151417,656	0,000	54851,730	54852,731	54856,934	54857,247	54857,397	54857,656	19,697	0,415	14,647	0,142	26,000	0,000	71,848	69,572	1,000	826,000	409,000	897,161	422,534
460,000	380,000	840,000	2,864	97,368	114,071	0,000	66,568	21,262	13,008	21,259	66,568	370,000	0,000	151424,226	151425,227	151427,383	151427,846	151428,216	151428,236	0,000	54864,226	54865,227	54867,383	54867,846	54868,216	54868,236	25,398	0,484	25,397	0,484	26,000	0,000	NaN	0,078	1,000	980,000	420,000	897,161	422,534
270,000	470,000	740,000	3,568	65,957	107,971	2,000	61,880	15,726	18,797	15,469	61,909	310,000	0,000	151434,033	151435,034	151438,888	151439,166	151439,476	151439,646	0,000	54874,033	54875,034	54878,888	54879,166	54879,476	54879,646	20,250	0,449	19,991	0,449	26,000	0,000	0,922	1,405	1,000	794,000	427,000	897,161	422,534
290,000	360,000	650,000	6,044	86,111	154,697	2,000	68,784	25,548	8,785	25,481	68,767	310,000	0,000	151446,666	151447,668	151453,225	151453,517	151453,827	151453,886	0,000	54886,666	54887,668	54893,225	54893,517	54893,827	54893,886	29,580	0,726	29,552	0,718	26,000	0,000	0,904	10,151	1,000	1072,000	417,000	897,161	422,534
250,000	340,000	590,000	2,820	64,706	87,397	2,000	62,380	16,824	21,943	12,323	62,245	220,000	0,000	151500,067	151501,068	151503,875	151504,126	151504,346	151504,476	0,000	54900,067	54901,068	54903,875	54904,126	54904,346	54904,476	23,745	0,382	19,651	0,200	26,000	0,000	31,580	72,574	1,000	816,000	414,000	897,161	422,534
310,000	320,000	630,000	1,385	43,750	125,797	2,000	66,064	20,411	21,762	12,504	66,560	140,000	0,000	151510,735	151511,735	151515,388	151515,707	151515,847	151516,036	0,000	54910,735	54911,735	54915,388	54915,707	54915,847	54916,036	24,647	0,279	17,387	0,003	26,000	0,000	87,891	93,982	1,000	937,000	427,000	897,161	422,534
280,000	420,000	700,000	1,389	66,667	123,460	2,000	64,087	20,306	14,365	19,901	64,170	280,000	0,000	151522,538	151523,538	151528,426	151528,716	151528,996	151529,147	0,000	54922,538	54923,538	54928,426	54928,716	54928,996	54929,147	24,225	1,520	23,926	1,478	26,000	0,000	12,342	10,034	1,000	871,000	392,000	897,161	422,534
